0.pcd -3.6901e-06 -3.59835e-06 0.000134585 0.999997 0.00246276 0.000883129 -7.26099e-08
1.pcd -0.00855542 -0.505877 -0.0378834 0.999975 0.00532643 0.0047421 9.02475e-05
2.pcd 0.0267461 -0.743198 -0.0439795 0.995186 0.00472984 0.00563054 0.0977306
3.pcd 0.0583432 -0.73251 -0.0435807 0.982157 0.00454069 0.00691662 0.18788
4.pcd 0.0894721 -0.71774 -0.040145 0.959029 0.00443324 0.00652246 0.283197
5.pcd 0.116863 -0.696869 -0.0393848 0.927189 0.00412267 0.00704524 0.374505
6.pcd 0.138184 -0.665145 -0.039 0.884402 0.00419483 0.00722434 0.466651
7.pcd 0.154381 -0.630044 -0.0394902 0.833352 0.00376812 0.00805154 0.552671
8.pcd 0.163237 -0.592941 -0.0394234 0.772527 0.00267834 0.00749097 0.634932
9.pcd 0.165494 -0.551807 -0.0401668 0.694913 0.00276675 0.00859843 0.719037
10.pcd 0.160651 -0.5214 -0.0412118 0.627985 0.00240504 0.00920724 0.778168
11.pcd 0.144591 -0.480807 -0.0423211 0.532753 0.00184437 0.00918036 0.846219
12.pcd 0.122406 -0.448468 -0.0421399 0.441914 0.00121429 0.00893976 0.897012
13.pcd 0.0949136 -0.422628 -0.0418617 0.34797 0.000702656 0.00928501 0.93746
14.pcd 0.065035 -0.401073 -0.0432079 0.259788 -4.43374e-05 0.0101985 0.965612
15.pcd 0.0338185 -0.389489 -0.0436185 0.17141 -0.00043896 0.00937165 0.985155
16.pcd -0.00903107 -0.382691 -0.0453157 0.0553929 -0.000895491 0.00863108 0.998427
17.pcd -0.0417568 -0.382477 -0.0482534 -0.0345468 -0.000242334 0.0083952 0.999368
18.pcd -0.0819977 -0.39179 -0.0465035 -0.144628 -0.00137171 0.00739905 0.989457
19.pcd -0.118037 -0.410362 -0.0444819 -0.253142 -0.00168738 0.00697224 0.967403
20.pcd -0.149843 -0.436009 -0.0420757 -0.359789 -0.00313001 0.00619609 0.933008
21.pcd -0.175405 -0.465665 -0.0416731 -0.457462 -0.00323462 0.00589053 0.889204
22.pcd -0.192086 -0.500041 -0.0406193 0.547871 0.00289182 -0.00512962 -0.836542
23.pcd -0.200925 -0.538314 -0.0403424 0.632922 0.00356054 -0.00439004 -0.774195
24.pcd -0.203447 -0.576806 -0.0432875 0.713405 0.00373471 -0.00347253 -0.700734
25.pcd -0.195802 -0.614552 -0.0436354 0.782054 0.00435051 -0.00237023 -0.623191
26.pcd -0.182434 -0.649538 -0.0432356 0.838138 0.00464851 -0.00114324 -0.545437
27.pcd -0.164919 -0.677909 -0.0421883 0.882961 0.00483431 -0.000241987 -0.469422
28.pcd -0.143352 -0.701859 -0.0408252 0.92137 0.00543785 0.00113148 -0.388647
29.pcd -0.113454 -0.726114 -0.0410327 0.956945 0.00511211 0.00183022 -0.290219
30.pcd -0.0829047 -0.73996 -0.041654 0.978643 0.00466691 0.00413149 -0.205471
31.pcd -0.161744 -1.03079 -0.0408052 0.993481 0.00563852 0.00231559 -0.113837
32.pcd -0.149937 -1.19415 -0.0426188 0.999753 0.00608311 0.0030666 -0.0211404
33.pcd -0.0886314 -1.54775 -0.0378129 0.997394 0.00742369 0.003204 0.0716944
34.pcd 0.0183512 -2.0564 -0.0514048 0.993978 0.00697208 0.0062582 0.109178
35.pcd 0.128126 -2.54897 -0.0483499 0.993874 0.00757748 0.00343302 0.110202
36.pcd 0.279279 -3.04374 -0.0457166 0.985685 0.00152332 0.00218028 0.168574
37.pcd 0.38668 -3.19866 -0.0431804 0.967011 -9.42699e-05 0.00376084 0.254706
38.pcd 0.517903 -3.32829 -0.0400298 0.93773 0.00126611 0.00583857 0.347315
39.pcd 0.660799 -3.41984 -0.0430223 0.90032 0.00158143 0.00794684 0.435153
40.pcd 0.823956 -3.48855 -0.0413861 0.858126 0.00235069 0.00942277 0.513347
41.pcd 1.092 -3.56447 -0.0455367 0.806656 0.00439754 0.0109159 0.590905
42.pcd 1.60188 -3.64654 -0.0473029 0.770209 0.00232508 0.0125629 0.637664
43.pcd 2.09453 -3.73687 -0.058726 0.761889 0.0040005 0.0148787 0.647525
44.pcd 2.41811 -3.72854 -0.063284 0.702253 0.00539586 0.0151795 0.711745
45.pcd 2.92986 -3.66326 -0.0671786 0.664196 0.0040473 0.0124728 0.747443
46.pcd 3.44097 -3.5992 -0.068353 0.655274 0.00314064 0.00786409 0.755344
47.pcd 3.95025 -3.5318 -0.0712831 0.655883 0.00301785 0.00602959 0.754833
48.pcd 4.46074 -3.46253 -0.070662 0.656462 0.0036205 0.00553504 0.75433
49.pcd 4.95683 -3.38977 -0.0702644 0.656037 -0.000709523 0.00581204 0.754706
50.pcd 5.45503 -3.31926 -0.0693951 0.656083 -0.00224946 0.0102477 0.754616
51.pcd 5.96222 -3.25137 -0.0732301 0.660506 -0.0012931 0.0123346 0.750719
52.pcd 6.45879 -3.19235 -0.0752503 0.660429 -0.00141401 0.0110413 0.750806
53.pcd 6.97033 -3.13475 -0.0752577 0.661655 -0.0026283 0.00925472 0.749747
54.pcd 7.47405 -3.07865 -0.0752533 0.662366 0.000462601 0.0105989 0.749106
55.pcd 7.98614 -3.01877 -0.0827611 0.670892 0.0033911 0.0151089 0.741394
56.pcd 8.50581 -2.98633 -0.0856659 0.680644 0.00194536 0.0178659 0.732394
57.pcd 9.00836 -2.95081 -0.0937698 0.683333 0.00145825 0.0185226 0.729871
58.pcd 9.52741 -2.92702 -0.0944157 0.695885 0.0014697 0.015253 0.717989
59.pcd 10.0357 -2.90895 -0.0938723 0.69333 -0.00140486 0.0107786 0.720539
60.pcd 10.5393 -2.87841 -0.0933795 0.686973 -0.00317411 0.0104727 0.726601
61.pcd 11.0515 -2.85147 -0.0908212 0.687625 -0.00345949 0.0133675 0.725935
62.pcd 11.5706 -2.82701 -0.0984004 0.686177 0.000592689 0.0161251 0.727256
63.pcd 12.0731 -2.8003 -0.100685 0.687329 -0.000612613 0.0168909 0.726149
64.pcd 12.5769 -2.77454 -0.112536 0.687562 -0.00114629 0.0169317 0.725927
65.pcd 13.079 -2.74759 -0.116455 0.687048 -0.00270592 0.0185382 0.72637
66.pcd 13.593 -2.72099 -0.117931 0.687217 -0.00578294 0.0147173 0.726281
67.pcd 14.1061 -2.69456 -0.120296 0.686414 -0.00490068 0.0161732 0.727015
68.pcd 14.6091 -2.67032 -0.126801 0.68672 -0.00233208 0.0203694 0.726632
69.pcd 15.1257 -2.64575 -0.133382 0.687646 0.0011872 0.0187978 0.725802
70.pcd 15.6503 -2.61874 -0.140288 0.687085 0.00050805 0.015654 0.726408
71.pcd 16.1724 -2.59362 -0.144654 0.687498 0.00170667 0.0139574 0.72605
72.pcd 16.6759 -2.5631 -0.146122 0.686837 9.30654e-05 0.0152938 0.72665
73.pcd 17.2013 -2.53755 -0.149856 0.686809 -0.000994707 0.0146031 0.726691
74.pcd 17.7139 -2.50699 -0.148771 0.686358 -0.00150461 0.0158321 0.72709
75.pcd 18.2156 -2.4822 -0.152422 0.686773 -0.00315054 0.0154977 0.7267
76.pcd 18.722 -2.45495 -0.154975 0.687225 -0.00242135 0.0147843 0.72629
77.pcd 19.2399 -2.4323 -0.15921 0.688041 -0.000808296 0.0141113 0.725534
78.pcd 19.7551 -2.40886 -0.169998 0.687907 0.00328534 0.0154668 0.725627
79.pcd 20.2608 -2.38348 -0.171357 0.685943 -0.000112725 0.0145279 0.72751
80.pcd 20.7681 -2.35579 -0.175747 0.686728 0.000934608 0.0152948 0.726753
81.pcd 21.2679 -2.32923 -0.180547 0.686401 0.00186955 0.0151105 0.727064
82.pcd 21.777 -2.3005 -0.191578 0.685878 0.00327491 0.0147201 0.72756
83.pcd 22.2779 -2.27373 -0.196885 0.685815 0.00220894 0.0129352 0.727658
84.pcd 22.7786 -2.24337 -0.194868 0.685733 0.00550068 0.0135457 0.727707
85.pcd 23.2783 -2.2151 -0.207139 0.686254 0.00165157 0.0138732 0.727227
86.pcd 23.7987 -2.18683 -0.217502 0.686797 0.00571067 0.0138905 0.726694
87.pcd 24.3083 -2.16079 -0.221158 0.687103 0.00266026 0.0129361 0.72644
88.pcd 24.8382 -2.13423 -0.233758 0.686126 0.00411436 0.0156395 0.727303
89.pcd 25.354 -2.10707 -0.241835 0.685027 0.0040963 0.0124531 0.728399
90.pcd 25.8594 -2.07564 -0.246656 0.685314 0.00392251 0.0157009 0.728067
91.pcd 26.3654 -2.04537 -0.258215 0.685118 0.00481189 0.0168693 0.728221
92.pcd 26.8846 -2.01407 -0.264696 0.684982 0.00443343 0.0170826 0.728346
93.pcd 27.4136 -2.00415 -0.266323 0.707421 0.00325833 0.0171284 0.706577
94.pcd 27.9164 -2.00995 -0.268296 0.709932 0.00199788 0.0135985 0.704136
95.pcd 28.4383 -2.01446 -0.2783 0.709127 0.00270538 0.0116775 0.704979
96.pcd 28.9468 -1.98891 -0.285846 0.685226 0.00449328 0.0145826 0.728171
97.pcd 29.4596 -1.97286 -0.294736 0.702515 0.00234788 0.0163363 0.711477
98.pcd 29.9952 -1.96595 -0.298573 0.702724 0.00327914 0.0128099 0.711339
99.pcd 30.5041 -1.96357 -0.297575 0.7025 0.00466897 0.00983096 0.7116
100.pcd 31.0174 -1.95797 -0.29901 0.702156 0.00721406 0.00813271 0.71194
101.pcd 31.5183 -1.95342 -0.301858 0.695336 0.0099152 0.00576358 0.718594
102.pcd 32.0342 -1.93781 -0.305342 0.696259 0.0079322 0.00544948 0.717726
103.pcd 32.5475 -1.92393 -0.30496 0.696181 0.00794673 0.00516707 0.717804
104.pcd 33.0787 -1.91002 -0.304355 0.695861 0.009563 0.00627916 0.718085
105.pcd 33.5808 -1.89743 -0.309647 0.69545 0.0103899 0.00670558 0.718468
106.pcd 34.0893 -1.88543 -0.309943 0.696295 0.0100082 0.00481796 0.717669
107.pcd 34.5982 -1.87537 -0.320703 0.696119 0.0107748 0.00728789 0.717809
108.pcd 35.1323 -1.86198 -0.330192 0.696121 0.0107541 0.00531839 0.717824
109.pcd 35.4811 -1.81996 -0.334802 0.629094 0.009192 0.00344733 0.777267
110.pcd 35.4706 -1.79032 -0.335093 0.557819 0.00823324 0.00335163 0.829915
111.pcd 35.4551 -1.76039 -0.334766 0.479151 0.00706179 0.00290987 0.877699
112.pcd 35.4359 -1.73683 -0.33163 0.396826 0.00602137 0.00320262 0.917869
113.pcd 35.4063 -1.71596 -0.331381 0.310947 0.0045654 0.00310902 0.950411
114.pcd 35.3737 -1.70237 -0.327982 0.226507 0.00377493 0.00295584 0.973998
115.pcd 35.3471 -1.69315 -0.338343 0.13973 0.00325729 0.00286438 0.99018
116.pcd 35.3119 -1.68581 -0.331266 0.051391 0.0014038 0.000347253 0.998678
117.pcd 35.277 -1.69265 -0.331008 -0.0373942 -6.04168e-05 0.00106432 0.9993
118.pcd 35.2463 -1.70267 -0.332388 -0.127409 -0.000323434 9.8896e-05 0.99185
119.pcd 35.2128 -1.70955 -0.328143 -0.213425 -0.00187047 -0.000836804 0.976957
120.pcd 35.1861 -1.7312 -0.332077 -0.304605 -0.00301015 -0.00166276 0.952473
121.pcd 35.1649 -1.75623 -0.332261 -0.388084 -0.00448299 -0.00194336 0.921611
122.pcd 35.1482 -1.7851 -0.333715 -0.474674 -0.00510505 -0.00395285 0.880138
123.pcd 35.1296 -1.82268 -0.331073 0.555787 0.00543203 0.00366245 -0.831299
124.pcd 35.1212 -1.8584 -0.325976 0.635601 0.00887293 0.00433038 -0.771954
125.pcd 34.6033 -1.86139 -0.322047 0.695139 0.00956765 0.00863621 -0.718759
126.pcd 34.0872 -1.84165 -0.313408 0.694657 0.00899008 0.00676363 -0.719253
127.pcd 33.5612 -1.81927 -0.302269 0.694803 0.00802785 0.00599016 -0.71913
128.pcd 33.0458 -1.80085 -0.309327 0.698147 0.00759165 0.0053715 -0.715894
129.pcd 32.5086 -1.8145 -0.297934 0.717124 0.00889262 0.0043843 -0.696875
130.pcd 32.0021 -1.82897 -0.301344 0.716845 0.00913167 0.00298375 -0.697166
131.pcd 31.4967 -1.84153 -0.297268 0.717235 0.00590945 0.00343473 -0.696798
132.pcd 30.9607 -1.85912 -0.301052 0.716865 0.00860229 0.00341452 -0.69715
133.pcd 30.4477 -1.86725 -0.297343 0.716523 0.00632088 0.00254401 -0.69753
134.pcd 29.942 -1.87948 -0.295965 0.71669 0.00494091 -0.0018691 -0.697371
135.pcd 29.43 -1.88949 -0.299136 0.717082 0.00162105 -0.000113484 -0.696987
136.pcd 28.9218 -1.91581 -0.285182 0.726557 0.000768254 3.11473e-05 -0.687105
137.pcd 28.4115 -1.94026 -0.285258 0.728503 0.00151908 -0.00156236 -0.68504
138.pcd 27.9116 -1.97145 -0.274421 0.727827 0.00370187 0.000607597 -0.68575
139.pcd 27.3967 -2.00213 -0.276292 0.728684 0.00515293 0.00201016 -0.684827
140.pcd 26.8835 -2.03304 -0.266239 0.730747 0.000545038 0.00159869 -0.682646
141.pcd 26.3391 -2.0677 -0.257841 0.73092 -0.00137118 0.00173166 -0.68246
142.pcd 25.8388 -2.10087 -0.253259 0.729851 -0.000812097 0.0017261 -0.683604
143.pcd 25.316 -2.13855 -0.237765 0.729076 0.00135361 0.00100778 -0.68443
144.pcd 24.7836 -2.17291 -0.236817 0.729412 0.00415021 0.00328614 -0.684054
145.pcd 24.2482 -2.20312 -0.230194 0.728834 0.00150184 0.00248928 -0.684684
146.pcd 23.7476 -2.22843 -0.221743 0.729323 0.00156387 -0.00088482 -0.684167
147.pcd 23.2305 -2.25767 -0.217956 0.728741 0.00229866 0.00341236 -0.684777
148.pcd 22.6961 -2.28772 -0.208365 0.72784 0.00259058 0.00250095 -0.685737
149.pcd 22.1867 -2.32218 -0.208088 0.729062 0.00341664 -0.00270759 -0.684434
150.pcd 21.6712 -2.35319 -0.197751 0.72713 0.00317581 0.00309711 -0.686486
151.pcd 21.1245 -2.38295 -0.190629 0.727647 0.00108164 0.00041046 -0.685951
152.pcd 20.6015 -2.41178 -0.187908 0.728342 -0.000528271 0.000718765 -0.685213
153.pcd 20.0635 -2.45784 -0.180826 0.739631 -0.000535029 -0.00298718 -0.673005
154.pcd 19.5521 -2.52213 -0.173749 0.751496 -0.0028842 -0.00108131 -0.65973
155.pcd 19.0336 -2.59216 -0.165461 0.756315 -0.000113717 -0.00253218 -0.654202
156.pcd 18.504 -2.66431 -0.159758 0.755664 0.00050929 -0.000411751 -0.65496
157.pcd 17.967 -2.74187 -0.149492 0.759064 -0.00125177 -0.00563551 -0.650991
158.pcd 17.4483 -2.80854 -0.15411 0.749045 -0.00252829 -0.00634571 -0.662483
159.pcd 16.94 -2.86297 -0.144917 0.744419 -0.00201859 -0.00389699 -0.667699
160.pcd 16.4103 -2.91192 -0.137437 0.740062 -0.0030861 -0.00598442 -0.672505
161.pcd 15.8608 -2.95318 -0.132697 0.732283 -0.00138334 -0.0049523 -0.680981
162.pcd 15.3448 -2.99184 -0.12816 0.731437 -0.00222744 -0.0019842 -0.681903
163.pcd 14.8251 -3.02314 -0.114418 0.730922 -0.00428986 1.67421e-05 -0.682447
164.pcd 14.3201 -3.0541 -0.105602 0.730394 -0.00526472 -0.000826492 -0.683006
165.pcd 13.8176 -3.0808 -0.103277 0.729706 -0.00225673 -0.00596179 -0.683732
166.pcd 13.304 -3.11148 -0.0994613 0.729305 -0.00146368 -0.00939959 -0.684122
167.pcd 12.7987 -3.14033 -0.0971519 0.728813 -0.00464657 -0.00749671 -0.684656
168.pcd 12.2791 -3.16745 -0.0877696 0.727596 -0.00481823 -0.00737744 -0.68595
169.pcd 11.7533 -3.19814 -0.0835416 0.728259 -0.00298828 -0.00801775 -0.685248
170.pcd 11.2385 -3.22703 -0.0750519 0.72733 -0.00274941 -0.00271794 -0.686277
171.pcd 10.6773 -3.25425 -0.0806435 0.726682 0.00114859 -0.00531206 -0.686952
172.pcd 10.1772 -3.27774 -0.0795854 0.726442 0.00448977 -0.00668075 -0.687181
173.pcd 9.67675 -3.30466 -0.0799445 0.726885 0.0025777 -0.00834894 -0.686704
174.pcd 9.14276 -3.33 -0.0778882 0.723384 -0.0030098 -0.0045218 -0.690425
175.pcd 8.62186 -3.35836 -0.0738085 0.727338 -0.0043778 -0.00388763 -0.686255
176.pcd 8.07903 -3.38853 -0.0704673 0.727807 -0.000351074 -0.000529186 -0.685781
177.pcd 7.53276 -3.42474 -0.0697085 0.72679 0.00296473 0.00150442 -0.686852
178.pcd 7.0143 -3.43083 -0.0692913 0.70313 0.00245896 -0.00298486 -0.711051
179.pcd 6.45154 -3.42234 -0.0685389 0.711069 0.00371878 -0.00698112 -0.703078
180.pcd 5.91979 -3.419 -0.0679838 0.710376 0.00153595 -0.00869288 -0.703767
181.pcd 5.38856 -3.41786 -0.0682367 0.710215 0.000974318 -0.00860415 -0.703932
182.pcd 4.8604 -3.42687 -0.0578688 0.710924 0.0018257 -0.0127293 -0.703152
183.pcd 4.3458 -3.43095 -0.0661575 0.710922 0.00136745 -0.00873639 -0.703215
184.pcd 3.84373 -3.43409 -0.0628954 0.712468 0.00348337 -0.00780494 -0.701653
185.pcd 3.31124 -3.43766 -0.0604555 0.710765 0.00418907 -0.00569177 -0.703394
186.pcd 2.76587 -3.43845 -0.0543933 0.709046 0.00284402 -0.00411639 -0.705144
187.pcd 2.25915 -3.43228 -0.0506395 0.704542 -0.00168894 -0.00383621 -0.70965
188.pcd 1.7373 -3.42968 -0.0442695 0.715524 -0.000658411 -0.00349904 -0.698579
189.pcd 1.23054 -3.43797 -0.0348712 0.715076 -0.00148809 -0.00316933 -0.699038
190.pcd 0.72074 -3.44561 -0.0342039 0.715039 0.00151657 -0.0010626 -0.699082
191.pcd 0.215895 -3.48305 -0.0350111 0.738876 0.00533987 -0.00431197 -0.673807
192.pcd -0.312726 -3.55897 -0.031558 0.755132 0.000760288 -0.00589094 -0.655546
193.pcd -0.820244 -3.62963 -0.0322677 0.755986 0.00122215 -0.00607676 -0.654559
194.pcd -1.35692 -3.70432 -0.0206104 0.75705 -0.000967949 -0.00167239 -0.653354
195.pcd -1.88772 -3.78153 -0.0195995 0.756406 0.0017804 -0.00022941 -0.6541
196.pcd -2.38365 -3.85218 -0.0168146 0.756448 0.00386921 -0.000211255 -0.654042
197.pcd -2.88518 -3.95612 -0.0216985 0.770955 0.0115163 -0.00477774 -0.636768
198.pcd -3.38395 -4.02415 -0.0245745 0.755048 0.0107459 -0.00486586 -0.655563
199.pcd -3.89094 -4.06937 -0.0255629 0.741723 0.00696261 -0.0040337 -0.670658
200.pcd -4.41867 -4.06856 -0.0249267 0.7104 0.00440349 -0.00038131 -0.703784
201.pcd -4.96511 -4.07314 -0.0224531 0.71167 0.00421176 -0.00367524 -0.702492
202.pcd -5.50067 -4.07856 -0.0263952 0.711565 0.0072494 -0.0061891 -0.702556
203.pcd -6.01776 -4.10851 -0.0275484 0.73593 0.00425447 -0.00815906 -0.676995
204.pcd -6.57107 -4.15134 -0.0344876 0.736058 0.00683042 -0.00601334 -0.676857
205.pcd -7.12481 -4.18262 -0.0380044 0.727675 0.00628164 -0.00445838 -0.685879
206.pcd -7.62796 -4.20422 -0.0362794 0.723418 0.0054219 -0.00487533 -0.690372
207.pcd -8.13748 -4.22258 -0.037839 0.723081 0.00290885 -0.00401531 -0.690746
208.pcd -8.6435 -4.24408 -0.0359316 0.722521 0.00329767 -0.00507844 -0.691322
209.pcd -9.17618 -4.26552 -0.0390788 0.722721 0.00504546 -0.00672544 -0.691089
210.pcd -9.70708 -4.28763 -0.0377866 0.723227 0.00598882 -0.00482724 -0.690568
211.pcd -10.2134 -4.31103 -0.0377759 0.723409 0.00880018 -0.000181818 -0.690363
212.pcd -10.7572 -4.33701 -0.0381446 0.723256 0.0108972 -0.000172444 -0.690494
213.pcd -11.284 -4.36025 -0.0385047 0.722426 0.00668836 0.00120365 -0.691415
214.pcd -11.803 -4.37831 -0.0358204 0.721889 0.00388732 -0.00258696 -0.691993
215.pcd -12.3048 -4.3996 -0.0375918 0.72291 0.00403982 -0.00586682 -0.690905
216.pcd -12.8228 -4.4224 -0.0450606 0.723484 0.00729087 -0.00957747 -0.690236
217.pcd -13.2676 -4.47828 -0.0504097 0.78713 0.00564465 -0.00691565 -0.616723
218.pcd -13.257 -4.51131 -0.05187 0.843982 0.00477434 -0.0066548 -0.536309
219.pcd -13.2359 -4.54096 -0.0508124 0.892716 0.00396569 -0.00617504 -0.45056
220.pcd -13.2077 -4.56902 -0.0529586 0.933067 0.0031281 -0.00635742 -0.359632
221.pcd -13.1751 -4.5891 -0.051919 0.96336 0.00280155 -0.00521972 -0.268147
222.pcd -13.1382 -4.60115 -0.0512918 0.984942 0.00242099 -0.00425215 -0.172818
223.pcd -13.1016 -4.60706 -0.0531532 0.997021 0.00204655 -0.00349432 -0.0770233
224.pcd -13.0641 -4.60565 -0.0500946 0.999835 0.00205463 -0.00270532 0.0178266
225.pcd -13.0295 -4.60023 -0.0494005 0.993704 0.00218652 0.000262683 0.112016
226.pcd -12.9949 -4.58616 -0.0513375 0.978917 0.000924112 0.0022738 0.204242
227.pcd -12.9647 -4.56826 -0.0502277 0.955197 -7.45178e-05 0.00374075 0.295948
228.pcd -12.938 -4.5424 -0.0498439 0.922703 -0.00153717 0.00611385 0.38546
229.pcd -12.9204 -4.51193 -0.0518721 0.881692 -0.0028212 0.00696945 0.471766
230.pcd -12.9091 -4.47229 -0.0523733 0.823539 -0.00264559 0.00705977 0.567209
231.pcd -12.9037 -4.43728 -0.0522281 0.766443 -0.00345567 0.00811169 0.642251
232.pcd -12.9079 -4.40294 -0.0537596 0.700382 -0.0030643 0.00847836 0.713711
233.pcd -12.4082 -4.36094 -0.0468302 0.679816 -0.00388874 0.00674742 0.733341
234.pcd -11.9082 -4.31597 -0.0437524 0.668008 -0.00151395 0.0110126 0.744071
235.pcd -11.3929 -4.27317 -0.0469757 0.695198 0.000282379 0.0110642 0.718733
236.pcd -10.8898 -4.26546 -0.048333 0.698153 0.00261677 0.00886855 0.715889
237.pcd -10.374 -4.25912 -0.0436573 0.698479 0.00306852 0.0039107 0.715613
238.pcd -9.83102 -4.24589 -0.0465874 0.698051 0.00443398 0.00485887 0.716018
239.pcd -9.31635 -4.24248 -0.0451519 0.717707 0.00237418 0.0058371 0.696317
240.pcd -8.78462 -4.24162 -0.0421374 0.686813 -0.000104369 0.00774462 0.726793
241.pcd -8.26616 -4.18587 -0.0452636 0.672106 0.00168621 0.00892682 0.740399
242.pcd -7.76112 -4.14074 -0.0434503 0.671805 0.00215137 0.00895188 0.74067
243.pcd -7.25377 -4.0945 -0.0436367 0.67087 0.000679603 0.00621437 0.741549
244.pcd -6.73588 -4.04774 -0.0436616 0.671513 0.000901657 0.00673827 0.740961
245.pcd -6.22182 -3.99925 -0.040776 0.671227 9.94109e-05 0.00582158 0.741229
246.pcd -5.70109 -3.9259 -0.0383347 0.645849 -0.00119461 0.0069607 0.763433
247.pcd -5.20329 -3.87592 -0.0354068 0.666147 -0.00117891 0.00596908 0.745795
248.pcd -4.70114 -3.82479 -0.0330218 0.671074 -0.000984575 0.00879733 0.741337
249.pcd -4.18273 -3.79569 -0.0342298 0.685164 0.00159087 0.0103842 0.728313
250.pcd -3.66702 -3.78067 -0.0363496 0.700136 0.00159064 0.00816436 0.713961
251.pcd -3.15725 -3.76683 -0.032923 0.695518 -0.0028444 0.00558663 0.718481
252.pcd -2.62846 -3.75416 -0.024923 0.696401 -0.00451961 0.003778 0.717629
253.pcd -2.1249 -3.73914 -0.0257936 0.694334 0.0043368 0.00868905 0.719587
254.pcd -1.60316 -3.72027 -0.0294359 0.694511 0.00410784 0.0110148 0.719386
255.pcd -1.08255 -3.70533 -0.0362379 0.693803 0.00276576 0.0136111 0.720031
256.pcd -0.54898 -3.68768 -0.0375242 0.695389 -0.00164004 0.0123366 0.718525
257.pcd -0.0464839 -3.67277 -0.0388731 0.694976 0.00230405 0.0111153 0.718943
258.pcd -0.0421428 -3.63477 -0.0359431 0.617542 0.00103368 0.0107566 0.786464
259.pcd -0.0551399 -3.60519 -0.0365355 0.544108 0.00141331 0.010306 0.838951
260.pcd -0.0720426 -3.577 -0.0382016 0.467909 0.00179103 0.00884498 0.883731
261.pcd -0.0942721 -3.55323 -0.0380561 0.388425 0.0018206 0.00765033 0.921447
262.pcd -0.121241 -3.53084 -0.0384158 0.294864 0.00241647 0.00789418 0.955503
263.pcd -0.147979 -3.51507 -0.0365411 0.197962 0.0018415 0.0082951 0.980173
264.pcd -0.0229439 -3.01862 -0.0423248 0.138039 -0.0015648 0.0150408 0.990311
265.pcd 0.0401991 -2.94738 -0.0466963 0.243495 -0.00116736 0.0136349 0.969806
266.pcd 0.0681959 -2.9626 -0.0443077 0.327083 -0.00174379 0.0130427 0.944904
267.pcd 0.249807 -2.65741 -0.0515181 0.242566 -0.00617794 0.0128962 0.970029
268.pcd 0.0959167 -2.88435 -0.0471275 0.154194 -0.00124545 0.0120848 0.987966
269.pcd 0.187364 -2.38612 -0.0415459 0.0701751 -0.00662674 0.0084439 0.997477
270.pcd 0.161839 -2.20596 -0.0395601 -0.0256725 -0.00560636 0.00468699 0.999644
271.pcd 0.107743 -2.06233 -0.033611 -0.112756 -0.00776367 0.00649924 0.993571
272.pcd 0.0229837 -1.90639 -0.0440961 -0.202114 -0.00665862 0.00488921 0.979327
273.pcd -0.163573 -1.42142 -0.0435341 -0.148848 -0.00391393 0.00523102 0.988839
274.pcd -0.253658 -0.927416 -0.0454475 -0.0852844 -0.00359903 0.00732262 0.996323
275.pcd -0.320142 -0.413978 -0.0502598 -0.0699046 -0.00422154 0.00671662 0.997522
276.pcd -0.422936 0.0844358 -0.0596395 -0.114504 -0.000740645 0.00658964 0.993401
277.pcd -0.541307 0.580588 -0.0539004 -0.12593 -0.000860101 0.0109498 0.991978
278.pcd -0.675608 1.06588 -0.0507198 -0.147022 -0.00097021 0.00844705 0.989097
279.pcd -0.849928 1.56262 -0.0565726 -0.164868 -0.00247378 0.00795749 0.98628
280.pcd -1.01349 2.04306 -0.0548513 -0.16484 -0.00127664 0.00581137 0.986302
281.pcd -1.19116 2.55642 -0.0582116 -0.165805 -0.00210268 0.0100441 0.986105
282.pcd -1.30793 3.05162 -0.0609565 -0.0959523 -0.00349015 0.010037 0.995329
283.pcd -1.35408 3.57081 -0.0604894 -0.0159074 -0.00752538 0.00573226 0.999829
284.pcd -1.37518 4.10555 -0.0629085 -0.0150692 -0.0067777 0.00302314 0.999859
285.pcd -1.39384 4.63664 -0.0681534 -0.0143612 -0.0068062 0.00984662 0.999825
286.pcd -1.43832 4.8697 -0.0728233 -0.120046 -0.00620276 0.00928775 0.992706
287.pcd -1.47553 4.85428 -0.0694137 -0.231064 -0.00644342 0.00883773 0.972877
288.pcd -1.50458 4.83461 -0.0699206 -0.325444 -0.00755114 0.00989106 0.945479
289.pcd -1.53289 4.80587 -0.0700589 -0.427416 -0.0063171 0.0073624 0.904003
290.pcd -1.55157 4.77729 -0.0706276 0.507361 0.00627919 -0.00717707 -0.861681
291.pcd -1.56202 4.74532 -0.0694232 0.581695 0.0062345 -0.00738708 -0.813349
292.pcd -2.06694 4.81608 -0.0721212 0.648343 0.00648957 -0.00591592 -0.761297
293.pcd -2.5822 4.87964 -0.070182 0.66782 0.00689702 -0.00189878 -0.744288
294.pcd -3.08391 4.92286 -0.0717622 0.681768 0.00562651 -0.00230265 -0.731543
295.pcd -3.59935 4.90029 -0.0748125 0.737687 0.00758105 -0.00208179 -0.675097
296.pcd -3.85894 4.81548 -0.0728171 0.796631 0.00481321 -0.00206606 -0.604443
297.pcd -4.03109 4.7086 -0.0691719 0.851255 0.00356988 0.000951996 -0.52474
298.pcd -4.2103 4.56459 -0.0700544 0.895737 0.0029729 0.00265352 -0.444566
299.pcd -4.40271 4.34328 -0.0704319 0.931502 0.00531193 0.00175543 -0.363693
300.pcd -4.73621 3.92821 -0.0717332 0.956621 0.00561919 -0.00126688 -0.291278
301.pcd -4.97629 3.47691 -0.0640718 0.98014 0.00600629 -0.000285014 -0.198215
302.pcd -5.00309 3.27755 -0.0591844 0.994914 0.00887818 0.00246804 -0.100302
303.pcd -5.05401 2.77693 -0.0659521 0.998022 0.00956338 0.00593098 -0.0618471
304.pcd -5.05715 2.44158 -0.0694229 0.999345 0.008251 0.00650388 0.0346436
305.pcd -4.96042 1.92353 -0.0695511 0.996662 0.00821987 0.00605028 0.0810011
306.pcd -4.96158 1.63111 -0.0696052 0.99949 0.00967992 0.00435267 -0.030127
307.pcd -5.00004 1.63369 -0.0715781 0.991487 0.00864733 0.00335388 -0.129877
308.pcd -5.0363 1.6482 -0.0731208 0.971854 0.00856153 0.00256456 -0.235415
309.pcd -5.06797 1.6699 -0.0722088 0.946771 0.00925567 0.00252445 -0.321766
310.pcd -5.09997 1.69117 -0.0721218 0.913567 0.00856147 0.00170146 -0.406594
311.pcd -5.1202 1.71973 -0.0713699 0.867312 0.00910717 0.00137721 -0.497679
312.pcd -5.13603 1.7522 -0.0707342 0.813469 0.00885056 0.00117062 -0.58154
313.pcd -5.14511 1.78033 -0.074541 0.759162 0.00837984 0.000712872 -0.650847
314.pcd -5.15092 1.81396 -0.072797 0.699237 0.0100313 0.0007958 -0.714819
315.pcd -5.14109 1.85525 -0.0686159 0.611394 0.00826994 0.00016077 -0.791283
316.pcd -5.13559 1.89711 -0.0730443 0.53131 0.00652323 -0.000865928 -0.847152
317.pcd -5.11298 1.94301 -0.0720727 -0.406635 -0.0055518 0.00216317 0.913571
318.pcd -5.08767 1.96928 -0.0699005 -0.31408 -0.00535116 0.00309662 0.949376
319.pcd -5.04441 1.99563 -0.070363 -0.189209 -0.00195284 0.00463008 0.981924
320.pcd -5.01215 2.0083 -0.0717062 -0.1009 -0.000862479 0.00506551 0.994883
321.pcd -5.13789 2.50207 -0.0694314 -0.147591 -0.00218376 0.00461291 0.989035
322.pcd -5.27199 2.98738 -0.0613012 -0.158016 -0.000925315 0.00281554 0.987432
323.pcd -5.29343 2.92541 -0.0591937 -0.258467 -0.000703985 0.00141259 0.966019
324.pcd -5.25734 2.94131 -0.065308 -0.163292 -0.000155711 0.00226595 0.986575
325.pcd -5.19779 2.95703 -0.0660039 -0.00801585 -0.000400111 0.00542737 0.999953
326.pcd -5.14538 2.95055 -0.0697801 0.127129 0.00145904 0.00551489 0.99187
327.pcd -4.98497 3.43971 -0.062608 0.147758 -0.00017642 0.00533485 0.989009
328.pcd -4.90098 3.91074 -0.0717366 0.0539181 -0.000537003 0.00760824 0.998516
329.pcd -4.94265 4.10381 -0.0759279 -0.0735635 -0.00296142 0.0101565 0.997234
330.pcd -5.00176 4.20833 -0.0643176 -0.165267 -0.00534805 0.0101994 0.986182
331.pcd -5.08958 4.31499 -0.0702833 -0.26317 -0.00412228 0.00667265 0.964718
332.pcd -5.18428 4.38802 -0.0686355 -0.35085 -0.00553285 0.00725654 0.936387
333.pcd -5.28266 4.43434 -0.0745923 -0.432586 -0.00483943 0.00631443 0.901557
334.pcd -5.38049 4.46345 -0.0750777 0.510436 0.00716326 -0.00532956 -0.85987
335.pcd -5.48047 4.47513 -0.0763663 0.586241 0.00658915 -0.00478352 -0.810096
336.pcd -5.59346 4.46257 -0.0708026 0.658586 0.00848139 -0.00411563 -0.752446
337.pcd -6.1076 4.46132 -0.0741118 0.702014 0.00934411 -0.00324971 -0.712094
338.pcd -6.63953 4.46591 -0.072905 0.707424 0.00380981 -0.00148254 -0.706777
339.pcd -7.16651 4.46662 -0.0640267 0.708308 0.00616775 0.00166277 -0.705874
340.pcd -7.667 4.46137 -0.0740143 0.717108 0.0122078 -0.00641166 -0.696825
341.pcd -8.17381 4.44752 -0.0721723 0.717579 0.00889897 -0.00319582 -0.696413
342.pcd -8.68102 4.43473 -0.074021 0.715086 0.00810836 -0.000564978 -0.69899
343.pcd -9.21303 4.39467 -0.077215 0.744767 0.00337913 -0.000757639 -0.667315
344.pcd -9.70505 4.27862 -0.0703394 0.778683 0.00711906 0.000749952 -0.627377
345.pcd -10.2069 4.16799 -0.082318 0.779395 0.00712139 -0.00196334 -0.626489
346.pcd -10.7134 4.07524 -0.0733795 0.75585 0.00449969 -0.00726901 -0.654689
347.pcd -11.0605 4.08962 -0.076166 0.692836 0.00630745 -0.00579354 -0.721044
348.pcd -11.5574 4.15627 -0.104703 0.661411 0.00424954 -0.0135589 -0.749889
349.pcd -12.0661 4.23125 -0.097776 0.655918 0.0109302 -0.00884829 -0.754702
350.pcd -12.5667 4.30165 -0.11544 0.651834 0.00563521 -0.00867871 -0.758291
351.pcd -13.0479 4.29357 -0.104143 0.715317 0.00390174 -0.00155953 -0.698787
352.pcd -13.5566 4.24635 -0.116881 0.734585 0.0107045 -0.000871559 -0.678432
353.pcd -13.7995 4.19112 -0.102969 0.8011 0.00984933 -0.00399022 -0.598436
354.pcd -13.7854 4.16004 -0.0952018 0.854177 0.0127439 -0.00022114 -0.519826
355.pcd -13.7599 4.12403 -0.141833 0.901059 0.0130539 0.00010627 -0.4335
356.pcd -13.7227 4.10335 -0.153312 0.936394 0.00386013 -0.00862851 -0.350824
357.pcd -13.6865 4.08472 -0.173594 0.967942 -0.00295414 -0.014558 -0.250735
358.pcd -13.6337 4.09085 -0.119566 0.98693 -0.00355822 -0.0265604 -0.158907
359.pcd -13.5765 4.05651 -0.274533 0.997922 -0.00662536 -0.0191513 -0.0611657
360.pcd -13.611 4.09545 -0.0794442 0.999644 0.0054966 -0.00396174 0.025798
361.pcd -13.5573 4.10964 -0.137311 0.991179 -0.00470641 -0.0378505 0.126926
362.pcd -13.5561 4.05109 -0.194576 0.978298 -0.00350953 -0.00197312 0.207162
363.pcd -13.5575 4.09928 -0.139866 0.956172 0.000129022 0.00639374 0.292735
364.pcd -13.5279 4.12646 -0.1255 0.917231 -0.000553761 -0.00028212 0.398355
365.pcd -13.489 4.15098 -0.131351 0.877467 0.00170992 0.00222266 0.479628
366.pcd -13.4607 4.19636 -0.135787 0.826747 -0.000609951 0.00225913 0.56257
367.pcd -13.447 4.23926 -0.132861 0.769144 -1.53036e-05 0.00356833 0.639065
368.pcd -13.4405 4.27403 -0.144022 0.705814 -0.00243615 0.00494305 0.708376
369.pcd -12.9324 4.30055 -0.119836 0.681009 0.00201387 0.00800366 0.732229
370.pcd -12.7229 4.26347 -0.120676 0.743854 0.00213462 0.00968152 0.668269
371.pcd -12.2183 4.12292 -0.119976 0.784192 -0.0012761 0.00427596 0.620503
372.pcd -11.7271 4.01104 -0.0997264 0.775118 -0.00482704 0.00385046 0.631786
373.pcd -11.3269 3.9977 -0.0963875 0.71575 -0.00647058 0.0046957 0.698311
374.pcd -10.9532 4.04923 -0.0970033 0.650193 -0.00657005 0.0104025 0.759669
375.pcd -10.4665 4.18349 -0.0875737 0.61051 -0.00241967 0.00857269 0.791958
376.pcd -9.98002 4.307 -0.0907735 0.611893 -0.00158189 0.00872267 0.790891
377.pcd -9.48756 4.42659 -0.0902693 0.621188 0.000747285 0.00914533 0.783608
378.pcd -8.98411 4.50339 -0.0862691 0.649974 0.00238536 0.00965338 0.759891
379.pcd -8.48343 4.5663 -0.0861193 0.662124 0.00359495 0.00769624 0.749346
380.pcd -7.95977 4.59637 -0.087544 0.682519 0.000417974 0.0074101 0.73083
381.pcd -7.43382 4.63303 -0.0783405 0.681843 -0.00204028 0.00220234 0.731493
382.pcd -6.93205 4.69887 -0.0878895 0.647632 8.84698e-05 0.00901898 0.7619
383.pcd -6.69358 4.68332 -0.0866451 0.715856 0.00300559 0.00980814 0.698173
384.pcd -6.46869 4.62634 -0.0868326 0.776631 0.00345108 0.00771693 0.629899
385.pcd -5.97994 4.47767 -0.0765397 0.797186 0.00392119 0.00896851 0.603654
386.pcd -5.49319 4.32757 -0.0804463 0.795258 0.00213437 0.00304935 0.60626
387.pcd -4.99009 4.24519 -0.0771864 0.760417 0.000576469 0.00636615 0.649403
388.pcd -4.56924 4.22108 -0.0661319 0.700109 9.22619e-06 0.00575157 0.714013
389.pcd -4.05394 4.28986 -0.0754818 0.659152 0.00294431 0.00757346 0.751966
390.pcd -3.54747 4.36656 -0.0822918 0.65478 0.00584269 0.00855528 0.755749
391.pcd -2.98436 4.44271 -0.0805424 0.655703 0.0024337 0.00647952 0.754987
392.pcd -2.47962 4.51294 -0.0801119 0.656583 0.00278661 0.00752566 0.754211
393.pcd -1.96619 4.57898 -0.0789521 0.657717 -0.0007263 0.00424401 0.753253
394.pcd -1.70624 4.57949 -0.0774135 0.728567 -0.000480228 0.00411845 0.684962
395.pcd -1.71047 4.54822 -0.0784773 0.787361 0.00155406 0.00402277 0.616477
396.pcd -1.71799 4.51287 -0.0763282 0.840856 0.00207601 0.00286196 0.541247
397.pcd -1.73372 4.47916 -0.0793416 0.889948 0.00324282 0.00296046 0.456041
398.pcd -1.45912 4.19089 -0.0773002 0.929208 0.00308227 0.00337795 0.36953
399.pcd -1.39794 4.05893 -0.0708234 0.958724 0.00450137 0.00192023 0.284297
400.pcd -1.37428 3.93535 -0.069366 0.980983 0.00696479 0.00200805 0.193957
401.pcd -1.36833 3.79063 -0.0761608 0.995155 0.00883242 0.00142651 0.0979138
402.pcd -1.33019 3.23491 -0.0781617 0.997562 0.00726271 -0.00178636 0.0693871
403.pcd -1.21964 2.91652 -0.0739235 0.987496 0.0027273 0.000877794 0.157619
404.pcd -1.02483 2.43836 -0.0701713 0.976647 0.00142418 0.00296506 0.214826
405.pcd -0.744984 2.02147 -0.0643078 0.961019 0.0060505 0.00805488 0.276297
406.pcd -0.480091 1.58133 -0.0630085 0.960946 0.00360057 0.00504491 0.276667
407.pcd -0.223851 1.14647 -0.0609207 0.967967 0.00304966 0.00405369 0.251025
408.pcd -0.164905 0.921528 -0.0506118 0.987477 0.00423368 0.00246481 0.157685
409.pcd -0.0654074 0.43005 -0.0557075 0.993199 0.00333082 0.00244915 0.11636
