0.pcd -3.41424e-06 9.57216e-05 0.000729265 0.999999 0.00170389 -0.000247567 -1.34381e-05
1.pcd -0.0295908 -0.519525 0.0159199 0.999992 0.00363904 -0.0015196 0.000583473
2.pcd -0.0363322 -1.03401 0.0114685 0.999988 0.00397771 -0.00206556 0.00186029
3.pcd -0.112552 -1.55395 0.0135606 0.998429 0.00557658 -0.00130716 -0.0557379
4.pcd -0.206935 -2.0712 0.0154319 0.996424 0.00452482 -0.00185097 -0.084348
5.pcd -0.309248 -2.60546 0.0181151 0.996456 0.0034031 -0.00329359 -0.0839764
6.pcd -0.403349 -3.13528 0.0160739 0.996282 0.00486264 -0.00115501 -0.0860078
7.pcd -0.455092 -3.69967 0.0166704 0.999232 0.00505254 -0.000651339 -0.03884
8.pcd -0.501818 -4.20932 0.0212824 0.999177 0.00358016 0.000105507 -0.0404004
9.pcd -0.552081 -4.82065 0.0269922 0.999162 0.00616633 -0.00115747 -0.0404399
10.pcd -0.599383 -5.33202 0.0265393 0.999155 0.00461153 -0.00166534 -0.0408006
11.pcd -0.651283 -5.87231 0.0239861 0.999165 0.00515695 -0.003549 -0.0403673
12.pcd -0.701716 -6.45059 0.0265301 0.999151 0.00401383 -0.000218387 -0.041012
13.pcd -0.751607 -7.03111 0.0266896 0.999108 0.00486219 0.00115291 -0.0419359
14.pcd -0.807609 -7.63778 0.0246596 0.9991 0.00749278 0.0010655 -0.0417376
15.pcd -0.855795 -8.14046 0.022674 0.999133 0.00551448 -0.00134128 -0.0412444
16.pcd -0.907015 -8.65147 0.0193971 0.999034 0.00604617 -0.000437031 -0.0435311
17.pcd -0.954058 -9.1959 0.0243242 0.999113 0.00653853 -0.00217145 -0.0415419
18.pcd -1.00264 -9.74478 0.0279346 0.9992 0.00547119 -0.00104018 -0.0395929
19.pcd -0.962689 -10.2829 0.0278618 0.999434 0.00514144 -0.000196577 0.0332458
20.pcd -1.0154 -10.6997 0.0212914 0.997467 0.00652761 -0.00088233 -0.0708211
21.pcd -1.05991 -11.2224 0.0275018 0.999828 0.0069564 -0.00267021 -0.0169866
22.pcd -1.0809 -11.7473 0.0202004 0.999881 0.00647896 -0.0017117 -0.0139241
23.pcd -1.09352 -12.2643 0.0191444 0.999903 0.00598007 -0.00140885 -0.0125027
24.pcd -1.10967 -12.8003 0.0187102 0.999898 0.00658776 -0.00072382 -0.0126663
25.pcd -1.1328 -13.3145 0.0165359 0.999884 0.00753512 0.000186658 -0.0132095
26.pcd -1.15252 -13.8352 0.0159744 0.999887 0.00664043 -0.000988469 -0.0134836
27.pcd -1.17322 -14.3835 0.0149555 0.999888 0.00618058 -0.00069313 -0.0135938
28.pcd -1.19214 -14.8999 0.0132057 0.999898 0.00601835 -0.000202563 -0.0129399
29.pcd -1.20665 -15.4465 0.0136932 0.999886 0.00685129 -0.000381098 -0.0134549
30.pcd -1.21938 -15.989 0.0125209 0.99997 0.00478164 -0.000158289 0.00607537
31.pcd -1.18265 -16.503 0.00907862 0.99943 0.00641561 -0.00100456 0.0331274
32.pcd -1.17479 -17.0938 0.0156851 0.999952 0.00821719 -0.00207654 -0.00484159
33.pcd -1.18253 -17.6573 0.0107857 0.999964 0.00752131 -0.00085068 -0.00387168
34.pcd -1.19148 -18.2399 0.0127466 0.999964 0.00644007 0.0017576 -0.00526358
35.pcd -1.19056 -18.7626 0.0125425 0.999666 0.00506002 -0.000304105 0.0253469
36.pcd -1.15086 -19.3326 0.00969431 0.999346 0.00770086 -0.000234807 0.0353401
37.pcd -1.11834 -19.8656 0.00945772 0.999438 0.00515657 -0.000578204 0.0331153
38.pcd -1.08411 -20.4503 0.0106613 0.999442 0.00613467 -0.00205682 0.0327642
39.pcd -1.05753 -21.0084 0.00934142 0.999416 0.00556243 -0.00225658 0.033633
40.pcd -1.02352 -21.5082 0.00609071 0.999389 0.00731724 -0.00184439 0.034137
41.pcd -0.9938 -22.0158 0.0141213 0.99942 0.00583985 -0.000696946 0.0335546
42.pcd -0.973543 -22.5191 0.00943476 0.999416 0.007975 0.000128885 0.0332288
43.pcd -0.93505 -23.1001 -0.0240104 0.998308 0.0477736 -0.000325127 0.0331317
44.pcd -0.924 -23.6156 -0.0863788 0.997657 0.0594373 -0.0172999 0.02913
45.pcd -0.879087 -24.1736 -0.0942841 0.999584 0.00132474 -0.0018673 0.0287623
46.pcd -0.854434 -24.7055 -0.0913878 0.999592 0.0017052 -0.00106214 0.0284753
47.pcd -0.833273 -25.2649 -0.0882652 0.999603 0.00193452 -0.000638745 0.0280883
48.pcd -0.799936 -25.7992 -0.0827348 0.999611 0.00366563 0.00017967 0.0276625
49.pcd -0.855327 -26.1205 -0.0820008 0.997439 0.00358377 -0.000435943 -0.0714254
50.pcd -0.94363 -26.6465 -0.0829664 0.998986 0.00641312 -0.000652506 -0.0445596
51.pcd -0.974576 -27.1929 -0.0848933 0.995518 0.00841357 -0.000104726 -0.0941955
52.pcd -1.16932 -27.718 -0.092628 0.978859 0.0095 0.000471706 -0.204313
53.pcd -1.41507 -28.2281 -0.096997 0.978426 0.0102149 0.000743254 -0.206344
54.pcd -1.51212 -28.5909 -0.0968876 0.992689 0.0106227 0.00134637 -0.12022
55.pcd -1.59694 -29.1278 -0.0978713 0.998709 0.0106334 0.00135544 -0.0496592
56.pcd -1.60117 -29.6525 -0.108143 0.999357 0.00934931 0.00162272 0.0345756
57.pcd -1.51184 -30.035 -0.118025 0.991947 0.0127482 0.00293299 0.125977
58.pcd -1.413 -30.2119 -0.0986744 0.971721 -0.002216 -0.00606288 0.236045
59.pcd -1.24885 -30.3662 -0.0972934 0.9384 -0.0125655 -0.00323762 0.345307
60.pcd -1.07036 -30.4897 -0.0832376 0.885319 -0.0217229 -0.0169089 0.464168
61.pcd -0.94918 -30.567 -0.0791898 0.841889 -0.0113374 -0.0370104 0.53826
62.pcd -0.791172 -30.5738 -0.0614183 0.790733 -0.0180384 -0.0322576 0.611045
63.pcd -0.600955 -30.5703 -0.037689 0.723347 -0.0252441 -0.0268027 0.689502
64.pcd -0.0792839 -30.537 -0.0149985 0.694359 -0.0127182 -0.0106708 0.719437
65.pcd 0.483451 -30.5246 -0.0102932 0.694956 -0.000163722 0.00728989 0.719015
66.pcd 1.04861 -30.5452 -0.00724317 0.745425 -0.00161982 0.00662446 0.666555
67.pcd 1.55567 -30.6089 -0.00593428 0.736371 0.000347754 0.00605247 0.676551
68.pcd 2.06216 -30.6096 0.000673993 0.745261 0.00227792 0.00618531 0.666741
69.pcd 2.47532 -30.7494 -0.000399404 0.801769 0.00190316 0.00392795 0.597618
70.pcd 2.62711 -30.8465 -0.000618174 0.850959 0.00204512 0.000707543 0.525227
71.pcd 2.82218 -31.0431 -0.00164042 0.910048 0.0035227 0.000395902 0.414487
72.pcd 2.96211 -31.2406 -0.000180501 0.949564 0.00619917 -0.000668141 0.313512
73.pcd 3.04311 -31.4885 -0.00052436 0.979958 0.00703419 -0.00209276 0.199068
74.pcd 3.07469 -31.7466 -0.00155638 0.995936 0.00426574 -0.0016339 0.089953
75.pcd 3.05493 -32.0129 -0.00493104 0.999777 0.00582194 -0.00203183 -0.0202086
76.pcd 3.03412 -32.5567 -0.00477163 0.999851 0.00568392 -0.000187662 0.016276
77.pcd 3.05189 -33.0965 -0.00798162 0.999838 0.00976373 0.000298833 0.015098
78.pcd 3.05618 -33.6517 -0.0106712 0.999882 0.00732421 -0.00066473 0.0134619
79.pcd 3.05745 -34.2169 -0.0193354 0.999874 0.00802702 -0.00312832 0.0133555
80.pcd 3.07556 -34.7869 -0.0211639 0.999893 0.00638562 -0.00419897 0.0124425
81.pcd 3.08012 -35.3502 -0.024467 0.999876 0.00779043 -0.00552077 0.0125302
82.pcd 3.09275 -35.9127 -0.0254392 0.999895 0.00673342 -0.00483487 0.0118815
83.pcd 3.1132 -36.4274 -0.0321722 0.999878 0.00769568 -0.00667297 0.0118142
84.pcd 3.10938 -37.0377 -0.0293021 0.9999 0.00682507 -0.00446314 0.0115246
85.pcd 3.12077 -37.5743 -0.0231892 0.999902 0.00744396 -0.00364845 0.0113188
86.pcd 3.12138 -38.1186 -0.0326447 0.999919 0.00615481 -0.00201816 0.010958
87.pcd 3.13783 -38.6861 -0.0222584 0.999937 0.0061554 -0.00265954 0.0089761
88.pcd 3.15069 -39.2698 -0.033365 0.999903 0.00926264 -0.00398656 0.00960727
89.pcd 3.15035 -39.8155 -0.0424365 0.999902 0.00824387 -0.00605735 0.00958329
90.pcd 3.15455 -40.3765 -0.0373854 0.999926 0.00608004 -0.00399146 0.00973081
91.pcd 3.16363 -40.9632 -0.0422925 0.999924 0.00532036 -0.00597814 0.00936899
92.pcd 3.17139 -41.5218 -0.0432465 0.999916 0.00780717 -0.00509064 0.00899576
93.pcd 3.17496 -42.086 -0.0449476 0.999915 0.00749569 -0.00440331 0.00974668
94.pcd 3.18811 -42.6498 -0.046993 0.999926 0.00644594 -0.0023481 0.0100096
95.pcd 3.19264 -43.2074 -0.0408007 0.999905 0.00637669 -0.0061742 0.0105916
96.pcd 3.20713 -43.7612 -0.0519111 0.999332 0.00749873 -0.00608131 0.0352527
97.pcd 3.27125 -44.2982 -0.0466655 0.998418 0.00691039 -0.00455321 0.0556144
98.pcd 3.33472 -44.8443 -0.0505016 0.998422 0.00822011 -0.00367306 0.0554367
99.pcd 3.29652 -45.3923 -0.049937 0.999808 0.00851524 -0.00632064 -0.0164559
100.pcd 3.28096 -45.9342 -0.0605236 0.999809 0.00940076 -0.00520681 -0.0162946
101.pcd 3.25578 -46.5379 -0.0634422 0.999899 0.0095088 -0.00478194 0.00945318
102.pcd 3.33358 -47.0855 -0.0554039 0.999073 0.00872278 -0.00575811 0.0417708
103.pcd 3.2788 -47.6353 -0.0684664 0.999503 0.0071379 -0.00116876 -0.0306957
104.pcd 3.28398 -48.1774 -0.0668637 0.999981 0.00604673 3.39498e-05 0.00100675
105.pcd 3.28108 -48.7327 -0.0666612 0.999966 0.00813151 0.000611872 0.000904219
106.pcd 3.27336 -49.2887 -0.0672835 0.99996 0.00883538 -0.00119282 0.000719607
107.pcd 3.26384 -49.8279 -0.07773 0.999944 0.010462 -0.00102513 0.000960868
108.pcd 3.25886 -50.3538 -0.0748195 0.999972 0.00735964 -0.00145424 0.000788366
109.pcd 3.26029 -50.9504 -0.0757641 0.999952 0.00912971 -0.00331528 0.00151778
110.pcd 3.24465 -51.5251 -0.0828281 0.999976 0.00632492 -0.00289129 0.000180232
111.pcd 3.24654 -52.028 -0.0825917 0.999954 0.00793295 -0.0049082 0.00234869
112.pcd 3.25552 -52.535 -0.0838827 0.999962 0.00800825 -0.00348191 0.000212544
113.pcd 3.24953 -53.038 -0.0891074 0.999944 0.00963826 -0.00419263 0.00117877
114.pcd 3.25099 -53.5456 -0.097022 0.999948 0.00932624 -0.00367814 0.00205442
115.pcd 3.23967 -54.0635 -0.0959862 0.999954 0.00887294 -0.00271602 0.00246126
116.pcd 3.23183 -54.6145 -0.108746 0.999933 0.0106165 -0.00353886 0.00308673
117.pcd 3.23469 -55.1773 -0.109635 0.999565 0.00796197 -0.002334 0.0282941
118.pcd 3.27547 -55.7648 -0.111165 0.999508 0.00828661 -0.00839032 0.029065
119.pcd 3.21932 -56.3501 -0.123781 0.999309 0.00890325 -0.0107558 -0.0344371
120.pcd 3.25779 -56.9138 -0.119764 0.998594 0.0143809 -0.00969357 0.0500999
121.pcd 3.29927 -57.4899 -0.135751 0.998745 0.00851308 -0.00626425 0.0489546
122.pcd 3.34061 -58.0715 -0.138609 0.998696 0.0111067 -0.00684536 0.0493482
123.pcd 3.39494 -58.606 -0.136666 0.998719 0.00872422 -0.00452935 0.0496312
124.pcd 3.45304 -59.183 -0.140216 0.998658 0.0111748 -0.0042986 0.0503771
125.pcd 3.49715 -59.7602 -0.143999 0.998728 0.00946737 -0.00270153 0.0494605
126.pcd 3.49489 -60.3537 -0.14474 0.999923 0.00955177 -0.00408693 0.00677971
127.pcd 3.52991 -60.9205 -0.152984 0.999555 0.00835609 -0.00011569 0.0286402
128.pcd 3.54749 -61.4268 -0.146269 0.999593 0.00882476 -0.00248521 0.0270065
129.pcd 3.57659 -61.9312 -0.150143 0.999578 0.00826352 -0.00374329 0.0276037
130.pcd 3.5989 -62.4834 -0.158726 0.99956 0.0113679 -0.000252499 0.0273964
131.pcd 3.62506 -63.0831 -0.159069 0.999559 0.0108418 0.000333789 0.0276442
132.pcd 3.66277 -63.6589 -0.16685 0.999541 0.010075 -0.00193211 0.0285184
133.pcd 3.68731 -64.2302 -0.175527 0.999512 0.012793 -0.000293588 0.0284995
134.pcd 3.72109 -64.8119 -0.176605 0.999525 0.00992614 -0.000933998 0.0291455
135.pcd 3.74703 -65.4015 -0.188737 0.999504 0.0119563 -0.00116717 0.02911
136.pcd 3.77174 -65.9684 -0.195848 0.999434 0.0108803 -0.00261015 0.0317277
137.pcd 3.79833 -66.4688 -0.195065 0.999474 0.012678 -0.000862193 0.0298495
138.pcd 3.83668 -67.0567 -0.206769 0.999398 0.0105696 -0.00515142 0.0326263
139.pcd 3.85126 -67.5704 -0.203442 0.99946 0.0115407 -0.00415803 0.03048
140.pcd 3.89221 -68.1592 -0.221491 0.999444 0.00865662 -0.00525515 0.0317597
141.pcd 3.91154 -68.7332 -0.22544 0.999431 0.00927552 -0.005566 0.031936
142.pcd 3.91285 -69.3225 -0.230928 0.999398 0.0136411 -0.00582121 -0.0313581
143.pcd 3.87948 -69.8931 -0.244941 0.999449 0.0136566 -0.00372691 -0.0300075
144.pcd 3.83589 -70.4521 -0.253529 0.999448 0.0121443 -0.00470905 -0.0305612
145.pcd 3.79105 -71.0378 -0.261017 0.999444 0.0132688 -0.00649836 -0.0298734
146.pcd 3.75874 -71.5922 -0.27415 0.999444 0.0121475 -0.00102998 -0.0310376
147.pcd 3.71768 -72.1643 -0.274377 0.999476 0.0133339 -0.00190122 -0.0294201
148.pcd 3.76944 -72.7197 -0.293427 0.998971 0.0132737 -0.00219619 0.0433115
149.pcd 3.80057 -73.2287 -0.291934 0.998975 0.010075 -0.00494107 0.0438624
150.pcd 3.78288 -73.7369 -0.300939 0.999413 0.0117336 -0.00439318 -0.0318744
151.pcd 3.78383 -74.2592 -0.295007 0.999815 0.0058316 -0.00155019 0.0182517
152.pcd 3.79173 -74.7654 -0.303547 0.999728 0.0112574 -0.00869436 0.0184918
153.pcd 3.81153 -75.3685 -0.309559 0.999744 0.0126025 -0.00393526 0.0183552
154.pcd 3.81602 -75.933 -0.322301 0.999573 0.0190347 -0.012435 0.0183748
155.pcd 3.83513 -76.5139 -0.34018 0.999696 0.0145548 -0.00752667 0.0183978
156.pcd 3.85923 -77.0303 -0.343276 0.999752 0.0111095 -0.00398484 0.018877
157.pcd 3.87462 -77.5429 -0.350161 0.999742 0.0116773 -0.000737192 0.0194574
158.pcd 3.88754 -78.059 -0.365324 0.999739 0.0129155 9.34309e-05 0.0188318
159.pcd 3.90743 -78.6071 -0.373693 0.999731 0.0141187 0.000757507 0.0183686
160.pcd 3.90725 -79.1208 -0.376653 0.999719 0.0110208 -0.00348108 0.020675
161.pcd 3.94007 -79.6273 -0.392215 0.99965 0.0134567 -0.00376437 0.0224447
162.pcd 3.95571 -80.1385 -0.392724 0.999604 0.0144856 -0.00421356 0.0237534
163.pcd 3.96918 -80.7574 -0.398178 0.999668 0.0129386 -0.00196466 0.022211
164.pcd 3.99986 -81.2792 -0.402546 0.999613 0.0139716 -0.00364195 0.0237835
165.pcd 4.01987 -81.8926 -0.414262 0.999568 0.0151308 -0.00418756 0.024837
166.pcd 4.03973 -82.3981 -0.428029 0.999581 0.0136721 -0.00322095 0.0253142
167.pcd 4.07652 -83.0105 -0.435026 0.999615 0.0115538 -0.00177474 0.0251631
168.pcd 4.02266 -83.5135 -0.43917 0.99913 0.0132108 -0.00191401 -0.0395034
169.pcd 4.02108 -83.953 -0.449963 0.997544 0.00961886 -0.00663974 0.0690593
170.pcd 4.1652 -84.4712 -0.447464 0.998185 0.00930167 -0.00202395 0.0594636
171.pcd 4.09035 -85.0129 -0.452321 0.999756 0.0127161 -0.00340029 -0.0177637
172.pcd 4.07844 -85.586 -0.459489 0.999785 0.0112912 -0.00361902 -0.0170174
173.pcd 4.05712 -86.1548 -0.477993 0.999746 0.0121287 -0.00284323 -0.0187629
174.pcd 4.03048 -86.7127 -0.48122 0.999743 0.0113322 -0.00317331 -0.0193638
175.pcd 4.00626 -87.2363 -0.488981 0.999724 0.0124753 -0.004112 -0.0194863
176.pcd 3.97802 -87.7856 -0.490928 0.999759 0.00913732 -0.00235712 -0.0198229
177.pcd 3.95778 -88.2923 -0.493527 0.999736 0.0102013 -0.00217386 -0.0204934
178.pcd 3.92688 -88.8437 -0.485142 0.999726 0.00093726 -0.00957547 -0.0213418
179.pcd 3.82913 -89.3818 -0.493235 0.993502 0.000199982 -0.00776972 -0.113545
180.pcd 3.67886 -89.9471 -0.492431 0.990398 0.00740735 -0.00933228 -0.137733
181.pcd 3.52875 -90.277 -0.485161 0.97348 0.00811533 -0.00158618 -0.228622
182.pcd 3.24065 -90.6222 -0.492628 0.941466 0.0111139 -0.00249178 -0.336916
183.pcd 2.98146 -90.8342 -0.493915 0.906134 0.0106393 -5.90495e-06 -0.422857
184.pcd 2.66689 -91.0177 -0.492431 0.856978 0.0116068 -0.00335932 -0.515211
185.pcd 2.09306 -91.2015 -0.493144 0.820973 0.0131632 0.00198674 -0.570812
186.pcd 1.49161 -91.3293 -0.49876 0.7545 0.0112737 -0.00190376 -0.656201
187.pcd 0.943795 -91.3006 -0.50704 0.701926 0.00998674 0.00030387 -0.712179
188.pcd 0.365059 -91.355 -0.504932 0.726951 0.00874499 -0.00307711 -0.686626
189.pcd -0.18253 -91.3726 -0.511616 0.756564 0.00893567 -0.00169224 -0.653856
190.pcd -0.705693 -91.4793 -0.509668 0.776586 0.0100484 -0.00113216 -0.629931
191.pcd -1.21486 -91.6032 -0.513555 0.785326 0.0123071 -0.0014058 -0.618958
192.pcd -1.77627 -91.7493 -0.521456 0.784753 0.0123605 0.00174293 -0.619683
193.pcd -2.30982 -91.7966 -0.523727 0.736801 0.013499 0.000198928 -0.675974
194.pcd -2.81156 -91.8518 -0.531605 0.738955 0.0128511 -0.00105265 -0.673631
195.pcd -3.33329 -91.8143 -0.53394 0.696908 0.0130662 0.00133313 -0.71704
196.pcd -3.84305 -91.8161 -0.537726 0.69679 0.0152863 0.000607721 -0.717112
197.pcd -4.40465 -91.7915 -0.540557 0.696354 0.0136033 0.00113208 -0.717569
198.pcd -4.95746 -91.7694 -0.54215 0.696265 0.0124245 -8.03432e-05 -0.717677
199.pcd -5.5203 -91.7454 -0.545128 0.69661 0.0118254 -0.00192628 -0.71735
200.pcd -6.06979 -91.7275 -0.552326 0.695975 0.0116087 -9.53078e-05 -0.717972
201.pcd -6.61279 -91.7774 -0.554327 0.742763 0.0104891 -0.00153664 -0.669471
202.pcd -7.1411 -91.8025 -0.555646 0.742144 0.0109869 -0.00234735 -0.670146
203.pcd -7.4582 -91.8057 -0.556164 0.672605 0.0117095 -0.00266926 -0.739904
204.pcd -8.00362 -91.6926 -0.559024 0.667578 0.00958838 -0.00270665 -0.744473
205.pcd -8.50351 -91.7127 -0.562858 0.701954 0.0114892 0.000530241 -0.712129
206.pcd -9.03297 -91.6877 -0.569619 0.715166 0.0127116 -0.00151439 -0.698837
207.pcd -9.63144 -91.7069 -0.566468 0.747589 0.0107243 -0.00184823 -0.664073
208.pcd -10.1721 -91.8229 -0.573259 0.758563 0.00968599 -0.00292834 -0.651522
209.pcd -10.6995 -91.8313 -0.574444 0.726797 0.0106542 -0.00252535 -0.686765
210.pcd -11.2507 -91.8698 -0.580916 0.726942 0.0132962 -0.00191315 -0.686567
211.pcd -11.7804 -91.902 -0.582655 0.726409 0.0116699 0.00179341 -0.687161
212.pcd -12.311 -91.9082 -0.591787 0.726344 0.0132257 -0.00216326 -0.6872
213.pcd -12.8423 -91.9316 -0.596765 0.709731 0.0120854 -0.00265548 -0.704364
214.pcd -13.3658 -91.9238 -0.599033 0.711146 0.0116759 -0.00215344 -0.702944
215.pcd -13.9076 -91.9096 -0.603566 0.67708 0.0123992 -0.00151127 -0.735803
216.pcd -14.4887 -91.8493 -0.613421 0.676884 0.0115866 -0.000985784 -0.735998
217.pcd -14.9864 -91.7637 -0.61212 0.642584 0.0110504 -0.000670521 -0.766135
218.pcd -15.5436 -91.666 -0.612 0.61526 0.0132604 0.00109752 -0.788212
219.pcd -16.0805 -91.4233 -0.619537 0.569487 0.00887701 -0.00415725 -0.821942
220.pcd -16.413 -91.2137 -0.6198 -0.476876 -0.00826341 0.00522963 0.878916
221.pcd -16.8211 -90.9068 -0.616771 -0.428738 -0.0081768 0.00258571 0.903388
222.pcd -16.9864 -90.6457 -0.615194 -0.310176 -0.00744982 0.00276394 0.950646
223.pcd -17.0909 -90.3785 -0.61321 -0.20666 -0.00648319 2.69512e-05 0.978391
224.pcd -17.1423 -90.0762 -0.607338 -0.0976382 -0.00462033 0.000186673 0.995211
225.pcd -17.2557 -89.5484 -0.607814 -0.0974678 -0.00765076 0.00287665 0.995205
226.pcd -17.3497 -89.0476 -0.609725 -0.0988057 -0.00412581 0.00467098 0.995087
227.pcd -17.4463 -88.4788 -0.597309 -0.0683458 -0.00280202 0.00178087 0.997656
228.pcd -17.4955 -87.8817 -0.593242 -0.0447492 -0.00213931 0.00111561 0.998995
229.pcd -17.4706 -87.3727 -0.580917 0.00307341 -0.00331573 0.000249632 0.99999
230.pcd -17.4834 -86.8598 -0.58347 0.00187433 -0.00247118 0.00041828 0.999995
231.pcd -17.4764 -86.3301 -0.570829 0.00330261 -0.00263709 0.000647536 0.999991
232.pcd -17.4625 -85.7884 -0.567208 0.00303951 -0.000815723 -5.16334e-05 0.999995
233.pcd -17.4609 -85.2206 -0.562565 0.00390609 0.00172738 -0.000118249 0.999991
234.pcd -17.4462 -84.6492 -0.555647 0.00311001 0.00245183 -0.00208023 0.99999
235.pcd -17.4393 -84.1213 -0.546742 0.00438626 0.00264 -0.00187623 0.999985
236.pcd -17.4312 -83.506 -0.534939 0.00411251 0.00380734 -0.000432291 0.999984
237.pcd -17.4583 -82.9142 -0.537173 -0.0416852 -0.000259777 0.000204881 0.999131
238.pcd -17.5112 -82.3365 -0.522409 -0.0392395 -0.00108762 0.000842653 0.999229
239.pcd -17.502 -81.7602 -0.523721 -0.015489 -0.00140175 0.00232124 0.999876
240.pcd -17.5255 -81.1852 -0.51186 -0.014488 -0.00108742 0.000218823 0.999894
241.pcd -17.5463 -80.6839 -0.495906 -0.0148625 0.000409877 0.00203715 0.999887
242.pcd -17.5536 -80.1118 -0.497165 -0.0165064 -0.00120518 0.000664933 0.999863
243.pcd -17.5772 -79.5115 -0.494455 -0.0155792 -0.00187265 0.000529335 0.999877
244.pcd -17.5853 -78.9943 -0.487396 -0.0170616 -0.00141665 0.000925597 0.999853
245.pcd -17.6332 -78.4016 -0.479689 -0.037335 -0.00230029 0.00141001 0.999299
246.pcd -17.6693 -77.8861 -0.483786 -0.025722 -0.00279256 0.00260323 0.999662
247.pcd -17.6225 -77.3883 -0.474458 0.0192247 -0.00184146 0.000691056 0.999813
248.pcd -17.6123 -76.7942 -0.476535 -0.0614933 -0.00176994 0.000461487 0.998106
249.pcd -17.7248 -76.2814 -0.463178 -0.0812119 -0.00445957 0.000493017 0.996687
250.pcd -17.7097 -75.907 -0.458483 0.0113259 -0.00396255 -0.00148722 0.999927
251.pcd -17.6927 -75.4033 -0.457782 0.00820222 -0.00501956 -0.00590796 0.999936
252.pcd -17.6929 -74.8967 -0.450118 -0.030942 0.00211535 0.0002519 0.999519
253.pcd -17.732 -74.2919 -0.437512 -0.029353 -0.00154531 0.000215589 0.999568
254.pcd -17.7552 -73.6606 -0.426271 -0.0304704 -0.00172797 0.00100063 0.999534
255.pcd -17.7861 -73.0488 -0.422684 -0.0305871 -0.00398634 0.00251255 0.999521
256.pcd -17.7983 -72.5481 -0.411053 0.0150902 -0.00522554 0.00257422 0.999869
257.pcd -17.7717 -72.0306 -0.412505 0.0108818 -9.532e-05 0.00177293 0.999939
258.pcd -17.792 -71.435 -0.400207 -0.0260397 0.00199707 -0.0017908 0.999657
259.pcd -17.818 -70.8268 -0.396932 -0.026568 0.000215186 0.00247294 0.999644
260.pcd -17.8105 -70.2084 -0.390097 0.00869908 -0.00158625 -0.000837265 0.999961
261.pcd -17.8094 -69.6964 -0.39241 -0.00457794 -0.00236796 0.00145544 0.999986
262.pcd -17.8036 -69.0864 -0.386722 -0.00797891 -0.0026078 0.00079531 0.999964
263.pcd -17.8442 -68.5171 -0.371697 -0.0244784 -0.00126614 0.00069279 0.999699
264.pcd -17.8674 -67.9001 -0.370208 -0.026983 -0.00324776 0.00141644 0.99963
265.pcd -17.8842 -67.3889 -0.365347 -0.0267828 -0.00336426 0.000856767 0.999635
266.pcd -17.9066 -66.7836 -0.363641 -0.0268685 -0.00381938 0.00169235 0.99963
267.pcd -17.9401 -66.1645 -0.362238 -0.0274863 -0.004096 0.0013351 0.999613
268.pcd -17.9536 -65.5582 -0.35268 -0.0254317 -0.00319408 0.0026659 0.999668
269.pcd -17.9867 -65.0436 -0.342734 -0.0234682 -0.00423655 0.00282552 0.999712
270.pcd -17.9903 -64.5349 -0.337554 -0.0171656 -0.00510989 0.00410082 0.999831
271.pcd -18.0006 -64.0265 -0.334417 -0.00186637 -0.00546358 0.000273449 0.999983
272.pcd -17.958 -63.5269 -0.333753 0.0138684 -0.00656618 0.00121898 0.999882
273.pcd -17.9964 -63.0267 -0.322666 -0.0213443 -0.00742238 0.00214094 0.999742
274.pcd -18.0144 -62.3999 -0.319687 -0.0221896 -0.00999618 0.00124878 0.999703
275.pcd -18.0403 -61.8736 -0.317819 -0.0228761 -0.0110163 0.000226575 0.999678
276.pcd -18.0562 -61.3429 -0.305104 -0.0232081 -0.0110882 0.00193132 0.999667
277.pcd -18.0747 -60.8347 -0.305007 -0.0244697 -0.0104973 0.00260212 0.999642
278.pcd -18.0913 -60.3047 -0.301664 -0.0241083 -0.0107588 0.00033834 0.999651
279.pcd -18.1112 -59.7785 -0.299429 -0.0251261 -0.00930033 0.000264169 0.999641
280.pcd -18.1337 -59.251 -0.292037 -0.0251432 -0.0120942 0.00261991 0.999607
281.pcd -18.1507 -58.7319 -0.288325 -0.0255336 -0.0113996 0.00215465 0.999607
282.pcd -18.1685 -58.1906 -0.287947 -0.0267467 -0.00940996 0.00161378 0.999597
283.pcd -18.1852 -57.687 -0.283883 -0.0283338 -0.00606588 0.00029579 0.99958
284.pcd -18.2209 -57.1719 -0.277558 -0.0271958 -0.00637707 -0.00274707 0.999606
285.pcd -18.2437 -56.6626 -0.268342 -0.0297238 -0.00624302 -0.00306238 0.999534
286.pcd -18.265 -56.1532 -0.25703 -0.0285652 -0.00876488 0.00145456 0.999552
287.pcd -18.2906 -55.6305 -0.255367 -0.0278015 -0.00635975 0.000126293 0.999593
288.pcd -18.3021 -55.0896 -0.24969 -0.0191826 -0.0045032 0.00595504 0.999788
289.pcd -18.3157 -54.5875 -0.245423 -0.0190926 -0.00602264 0.000962455 0.999799
290.pcd -18.331 -54.0632 -0.236326 -0.0185391 -0.0078051 0.0020987 0.999795
291.pcd -18.3452 -53.5345 -0.238427 -0.0192473 -0.010144 0.00419756 0.999754
292.pcd -18.3712 -52.9653 -0.235473 -0.0176418 -0.00786615 0.00252812 0.99981
293.pcd -18.3773 -52.3804 -0.229841 -0.018531 -0.00662513 0.00256736 0.999803
294.pcd -18.3928 -51.7831 -0.232338 -0.0179894 -0.00790436 -0.000171646 0.999807
295.pcd -18.4291 -51.1746 -0.224653 -0.035148 -0.00998063 0.00368534 0.999325
296.pcd -18.4661 -50.6279 -0.221951 -0.0349139 -0.00924312 -0.000521943 0.999347
297.pcd -18.5053 -50.0347 -0.207896 -0.0347542 -0.00967546 0.00111089 0.999348
298.pcd -18.5355 -49.5007 -0.20155 -0.0358289 -0.00902821 0.00379626 0.99931
299.pcd -18.5756 -48.9815 -0.199099 -0.0359348 -0.00964211 0.00414989 0.999299
300.pcd -18.613 -48.47 -0.195691 -0.0370769 -0.00899315 0.000312963 0.999272
301.pcd -18.6479 -47.9668 -0.186532 -0.0382451 -0.00823739 0.00181827 0.999233
302.pcd -18.6846 -47.4416 -0.187489 -0.0388681 -0.00932121 0.00268622 0.999197
303.pcd -18.6916 -46.9193 -0.182342 0.0118987 -0.00655831 0.000125113 0.999908
304.pcd -18.6899 -46.3822 -0.179482 -0.025998 -0.00863211 0.00231505 0.999622
305.pcd -18.7198 -45.8312 -0.165904 -0.0264994 -0.00952952 -0.000160921 0.999603
306.pcd -18.7132 -45.2309 -0.164324 -0.000431121 -0.0107429 0.00214542 0.99994
307.pcd -18.7147 -44.6252 -0.161182 -0.00121214 -0.0112032 0.00147207 0.999935
308.pcd -18.7101 -44.1154 -0.162635 -0.00136021 -0.0097106 0.00249865 0.999949
309.pcd -18.7064 -43.5933 -0.150939 -0.00135298 -0.00774339 0.00406243 0.999961
310.pcd -18.7058 -43.0771 -0.149237 -0.000738697 -0.00700782 0.00479903 0.999964
311.pcd -18.6927 -42.5424 -0.168359 -0.00262554 -0.00831577 0.00355404 0.999956
312.pcd -18.6922 -42.0256 -0.160376 -0.00175953 -0.00925399 0.000760274 0.999955
313.pcd -18.6973 -41.5167 -0.16251 -0.00322043 -0.00930655 0.00391081 0.999944
314.pcd -18.6925 -41.0098 -0.15534 -0.00262601 -0.00989149 0.00238567 0.999945
315.pcd -18.6896 -40.5063 -0.169136 -0.00237478 -0.00983398 0.00471028 0.999938
316.pcd -18.6962 -39.8925 -0.157586 -0.00161071 -0.00585023 0.00290549 0.999977
317.pcd -18.6863 -39.2892 -0.162759 -0.0130197 -0.00759182 0.0050716 0.999874
318.pcd -18.6973 -38.7884 -0.159795 -0.0132515 -0.00850511 0.0029877 0.999872
319.pcd -18.7069 -38.1605 -0.15726 -0.0126579 -0.00951793 0.00371305 0.999868
320.pcd -18.7127 -37.5794 -0.16347 -0.0126573 -0.00908112 0.00525238 0.999865
321.pcd -18.7282 -36.9599 -0.155635 -0.0138596 -0.00589727 0.00549629 0.999871
322.pcd -18.736 -36.4559 -0.151065 -0.0141821 -0.00641167 0.00322761 0.999874
323.pcd -18.7573 -35.8363 -0.144162 -0.0144935 -0.0080528 0.00429411 0.999853
324.pcd -18.7799 -35.27 -0.13158 -0.0157643 -0.00722395 0.00433074 0.99984
325.pcd -18.7819 -34.703 -0.139273 -0.016219 -0.00802018 0.00437471 0.999827
326.pcd -18.8017 -34.1297 -0.135036 -0.0167796 -0.00689584 0.00450627 0.999825
327.pcd -18.8043 -33.5903 -0.135063 -0.0170007 -0.007757 0.00437261 0.999816
328.pcd -18.8162 -33.0859 -0.125306 -0.0176019 -0.00787309 0.00504593 0.999801
329.pcd -18.8236 -32.5566 -0.122339 -0.0104906 -0.00492083 0.00410915 0.999924
330.pcd -18.8282 -32.0436 -0.116227 0.0136744 -0.00980704 0.00628659 0.999839
331.pcd -18.7462 -31.5387 -0.110403 0.0705807 -0.00336433 0.00556981 0.997485
332.pcd -18.6264 -30.9928 -0.104941 0.0999839 -0.00324112 0.00505762 0.994971
333.pcd -18.5304 -30.5002 -0.105615 0.099268 -0.00288663 0.00985659 0.995008
334.pcd -18.492 -30.2 -0.222222 0.0809907 -0.0102585 0.117865 0.989668
335.pcd -18.4578 -29.8324 -0.213458 0.0799294 -0.0520507 0.0372045 0.994745
336.pcd -18.3332 -29.3441 -0.20293 0.0735804 -0.00117468 0.000608769 0.997288
337.pcd -18.2222 -28.8407 -0.190457 0.104198 -0.000980941 0.000356234 0.994556
338.pcd -18.0818 -28.3465 -0.17757 0.133745 -0.00048478 -3.12731e-05 0.991016
339.pcd -17.9023 -27.8268 -0.178981 0.148505 5.93259e-05 0.000917755 0.988911
340.pcd -17.7449 -27.307 -0.173895 0.148053 -0.00067914 0.00247629 0.988976
341.pcd -17.5163 -26.8236 -0.166562 0.24335 -0.000100353 0.00328118 0.969933
342.pcd -17.2557 -26.5042 -0.166492 0.327119 -0.00078487 0.00469622 0.944971
343.pcd -16.9241 -26.0743 -0.166365 0.326893 -0.00198378 0.00461462 0.945048
344.pcd -16.6266 -25.6012 -0.161674 0.235784 -0.00276244 0.00601293 0.971783
345.pcd -16.5334 -25.297 -0.158846 0.141143 -0.00338286 0.00796824 0.989951
346.pcd -16.4162 -24.7813 -0.165969 0.089361 -0.00398113 0.00839376 0.995956
347.pcd -16.3511 -24.2321 -0.166572 0.0590828 -0.00438523 0.00824431 0.998209
348.pcd -16.2839 -23.7042 -0.165355 0.0581373 -0.00565371 0.00849557 0.998256
349.pcd -16.2418 -23.363 -0.101138 0.0519322 -0.0084402 -0.0890304 0.994638
350.pcd -16.1669 -22.8226 -0.0715248 0.0455268 0.015721 -0.00124799 0.998839
351.pcd -16.132 -22.2924 -0.0618075 0.0290541 -0.00491267 0.00297987 0.999561
352.pcd -16.0943 -21.7197 -0.0676655 0.0214472 -0.00260086 0.00481886 0.999755
353.pcd -16.0707 -21.13 -0.0696089 0.0222915 -0.00371057 0.00409128 0.999736
354.pcd -16.0396 -20.5729 -0.0758568 0.0206403 -0.0030294 0.00501041 0.99977
355.pcd -15.9622 -19.9886 -0.0721812 0.0675169 -0.00302478 0.00565548 0.997698
356.pcd -15.8885 -19.4293 -0.0677056 0.0663332 -0.00150872 0.00498159 0.997784
357.pcd -15.787 -18.8696 -0.0656547 0.0887492 -0.00307402 0.00356779 0.996043
358.pcd -15.6942 -18.3774 -0.0683611 0.0884781 -0.0018658 0.00470973 0.996065
359.pcd -15.5962 -17.8317 -0.0642969 0.0879002 -0.00115804 0.00349717 0.996122
360.pcd -15.4813 -17.2585 -0.0589266 0.0880536 -0.00162082 0.00384547 0.996107
361.pcd -15.2901 -16.704 -0.0611395 0.180023 -0.00125032 0.00419799 0.983653
362.pcd -15.0892 -16.1625 -0.0573965 0.177617 0.000540164 0.0048814 0.984087
363.pcd -14.8553 -15.6966 -0.0674409 0.230568 -0.0018274 0.00427815 0.973045
364.pcd -14.6007 -15.2051 -0.0584198 0.234699 -0.00358952 0.00404368 0.972053
365.pcd -14.3384 -14.7219 -0.0505661 0.261679 -0.0038843 0.00555531 0.965131
366.pcd -14.0192 -14.2907 -0.0517642 0.301519 -0.000742272 0.00472491 0.953448
367.pcd -13.7078 -13.8485 -0.0455909 0.300854 -0.00054448 0.00513747 0.953656
368.pcd -13.3863 -13.3938 -0.0490311 0.300755 -0.00148981 0.00665678 0.953677
369.pcd -13.0903 -12.9671 -0.0445829 0.300111 -0.00257496 0.00459359 0.95389
370.pcd -12.8042 -12.556 -0.0413504 0.301717 -0.00264439 0.00453823 0.953383
371.pcd -12.5003 -12.1255 -0.0406856 0.299962 0.000340383 0.00666076 0.953928
372.pcd -12.1918 -11.7031 -0.044397 0.2994 -0.00231834 0.00522859 0.95411
373.pcd -11.8885 -11.2818 -0.0467325 0.30089 -0.00244799 0.00620971 0.953635
374.pcd -11.5606 -10.8188 -0.045473 0.2992 -0.00173907 0.00677054 0.954165
375.pcd -11.2672 -10.3753 -0.0422183 0.299842 -0.000991809 0.00539806 0.953973
376.pcd -10.9578 -9.9356 -0.0424838 0.299913 -0.00754028 0.00631689 0.953916
377.pcd -10.662 -9.52509 -0.0381359 0.299332 0.000117641 0.00542055 0.954134
378.pcd -10.3598 -9.10406 -0.0426771 0.299696 -0.000257226 0.00586832 0.954017
379.pcd -10.0517 -8.66883 -0.0413217 0.29874 -0.00101804 0.00633053 0.954313
380.pcd -9.73232 -8.21065 -0.0427037 0.299253 -0.00211759 0.00657096 0.954149
381.pcd -9.41156 -7.75698 -0.042346 0.298734 -0.00182166 0.00731006 0.954307
382.pcd -9.08425 -7.29024 -0.0435182 0.299828 -0.000506646 0.00460585 0.953982
383.pcd -8.72828 -6.79351 -0.0423899 0.300668 -0.000982396 0.00631264 0.953708
384.pcd -8.42171 -6.35242 -0.0458891 0.299895 -0.000722958 0.00682946 0.953947
385.pcd -8.11176 -5.91909 -0.0429717 0.299799 -0.0014649 0.00572553 0.953984
386.pcd -7.8113 -5.48592 -0.0374176 0.298692 -0.00255906 0.00642046 0.954325
387.pcd -7.48272 -5.01207 -0.0373736 0.298848 0.000111113 0.00621289 0.954281
388.pcd -7.12973 -4.60669 -0.0388262 0.368669 0.00119492 0.00550654 0.929543
389.pcd -6.73591 -4.189 -0.0378759 0.366261 -0.00297021 0.00661432 0.930484
390.pcd -6.35565 -3.84356 -0.0374967 0.402802 0.000773955 0.00640029 0.915264
391.pcd -5.96044 -3.48296 -0.037571 0.402734 -0.00219213 0.0071838 0.915286
392.pcd -5.56825 -3.13019 -0.0377455 0.402508 -0.00266616 0.00701647 0.915386
393.pcd -5.14737 -2.7488 -0.0402899 0.401521 -0.00267826 0.00737093 0.915816
394.pcd -4.67575 -2.43256 -0.0439827 0.463561 -0.00169565 0.00662072 0.886039
395.pcd -4.18422 -2.10041 -0.0381177 0.46388 -0.000144616 0.00600503 0.885878
396.pcd -3.69397 -1.75925 -0.0384254 0.463354 0.00162972 0.00675978 0.886146
397.pcd -3.20902 -1.43253 -0.0372899 0.463336 -0.000633109 0.00383345 0.886174
398.pcd -2.7549 -1.12395 -0.0299257 0.464259 -0.0017599 0.0073318 0.885668
399.pcd -2.28718 -0.806892 -0.0377354 0.462172 0.00477628 0.00714516 0.886749
400.pcd -1.84256 -0.508712 -0.0392926 0.470776 8.875e-05 0.00909133 0.882206
401.pcd -1.3472 -0.242514 -0.0471979 0.529025 0.000467647 0.00601592 0.848585
402.pcd -1.06839 -0.156656 -0.0467938 0.601096 0.000654347 0.00522085 0.79916
403.pcd -0.83944 -0.162879 -0.043054 0.687061 -0.000166716 0.00465081 0.726585
404.pcd -0.654762 -0.201645 -0.0417765 0.751875 0.00247454 0.00648164 0.659269
405.pcd -0.510275 -0.265381 -0.0349236 0.808051 0.00313463 0.00583904 0.589075
406.pcd -0.403442 -0.350453 -0.0358453 0.86538 0.00268754 0.00588568 0.501075
407.pcd -0.322066 -0.458002 -0.0444226 0.910337 0.0025528 0.00576835 0.41382
408.pcd -0.272989 -0.562359 -0.0411779 0.943874 0.00361174 0.00364027 0.330265
409.pcd -0.241467 -0.666986 -0.0458256 0.969495 0.00384699 0.00329932 0.245058
410.pcd -0.231312 -0.800591 -0.0470921 0.990005 0.00318052 0.0028458 0.140966
411.pcd -0.229186 -0.980092 -0.0410235 0.998515 0.00497433 0.00221644 0.0541979
412.pcd -0.272616 -0.974174 -0.0391245 0.998236 0.00440424 0.000492612 -0.0592095
413.pcd -0.308133 -0.964793 -0.0356852 0.989272 0.0039031 -0.000797955 -0.146031
414.pcd -0.148825 -0.470686 -0.0385504 0.976399 0.00504723 -0.00325528 -0.215889
415.pcd -0.0408841 -0.280276 -0.0393673 0.991648 0.00394814 -0.000230545 -0.128911
416.pcd 0.0268688 -0.118682 -0.0429428 0.999272 0.00310371 0.00098678 -0.0379992
417.pcd 0.0631876 0.0391261 -0.0383667 0.998525 0.00397552 0.00160891 0.0541302
418.pcd -0.00997715 0.287053 -0.0366443 0.998095 0.00487669 -0.00125621 -0.0614834
419.pcd 0.0259912 0.284074 -0.0401007 0.999171 0.00549535 -0.0010251 0.0403232
