0.pcd -4.68283e-06 7.26476e-06 0.000176455 0.999971 0.0065155 0.0039855 -4.46606e-06
1.pcd -0.012293 -0.497559 -0.0665409 0.999979 0.00633164 -0.000437648 0.000898878
2.pcd -0.0153418 -1.00063 -0.0694999 0.999976 0.0067821 0.000763283 0.00128818
3.pcd -0.0178333 -1.51042 -0.0624113 0.999999 -0.00081436 0.00105318 0.00036501
4.pcd -0.0188141 -2.02649 -0.0590282 0.999997 0.00247959 0.000361559 0.000465578
5.pcd -0.0212859 -2.55616 -0.0588009 0.999966 0.00801112 0.00182311 -0.000101614
6.pcd -0.0268431 -3.08234 -0.0602892 0.999972 0.0071779 -0.00180741 0.000833965
7.pcd -0.0315492 -3.61517 -0.0578322 0.999977 0.00534976 -0.00427673 -2.04311e-05
8.pcd -0.0339891 -4.1255 -0.0559396 0.999963 0.005234 -0.0064571 0.00222459
9.pcd -0.00504305 -4.63818 -0.0518539 0.99918 0.00370861 -0.00537164 0.0399569
10.pcd 0.0626498 -5.15936 -0.0522814 0.997889 0.00345939 -0.0012377 0.0648418
11.pcd 0.126863 -5.65722 -0.047535 0.997872 0.00501922 0.00160634 0.0649858
12.pcd 0.187771 -6.16931 -0.0457948 0.998102 0.00712061 0.000206361 0.0611679
13.pcd 0.270181 -6.67177 -0.0460134 0.995935 0.00611393 -0.00120435 0.0898546
14.pcd 0.376703 -7.16147 -0.0433295 0.994304 0.00385358 -0.00173114 0.106496
15.pcd 0.475462 -7.67196 -0.0387627 0.996182 0.00280836 -0.0018772 0.0872323
16.pcd 0.521276 -8.19003 -0.0374814 0.999393 0.00362029 -0.00133641 0.0346163
17.pcd 0.538984 -8.70168 -0.0371205 0.999703 0.00373694 0.000219948 0.0240723
18.pcd 0.561457 -9.21763 -0.0366705 0.999735 0.00393113 0.00254525 0.0225512
19.pcd 0.541977 -9.75122 -0.0357668 0.999412 0.00812535 0.00194518 -0.0332562
20.pcd 0.505728 -10.2586 -0.0417521 0.999385 0.00867811 0.00328681 -0.0338168
21.pcd 0.485421 -10.7691 -0.0327295 0.999773 0.00333121 0.00523559 -0.0203827
22.pcd 0.479651 -11.3154 -0.0310266 0.999984 -0.00141482 0.00485107 -0.00269096
23.pcd 0.474569 -11.8246 -0.0286342 0.999989 0.00131348 0.00307823 -0.00321616
24.pcd 0.470465 -12.3324 -0.03284 0.999937 0.0107832 0.00214572 -0.00203794
25.pcd 0.465537 -12.8346 -0.0363758 0.99992 0.0114933 0.0045964 -0.00268804
26.pcd 0.460688 -13.3839 -0.036384 0.999947 0.00986048 0.00297626 -0.000347452
27.pcd 0.458987 -13.889 -0.0407038 0.999958 0.00659964 0.00610367 -0.00151661
28.pcd 0.429556 -14.4096 -0.0410368 0.999697 0.00727015 0.00419041 -0.0231587
29.pcd 0.404913 -14.9599 -0.0386094 0.99968 0.00657943 0.00356136 -0.0241625
30.pcd 0.377072 -15.4877 -0.044378 0.999676 0.0108739 0.00228654 -0.0229028
31.pcd 0.354015 -16.0042 -0.0489009 0.999681 0.0108608 0.00223019 -0.022707
32.pcd 0.324634 -16.5244 -0.0536722 0.99965 0.0123335 0.00348552 -0.0231371
33.pcd 0.305946 -17.0652 -0.0582493 0.999898 0.0109652 0.000388091 -0.00918986
34.pcd 0.292856 -17.5959 -0.0591035 0.999925 0.00643453 -0.000471598 -0.0104109
35.pcd 0.291067 -18.0993 -0.0558072 0.999963 0.00489917 -0.00358762 0.00615984
36.pcd 0.294673 -18.6466 -0.0551697 0.999948 0.00415761 -0.00555247 0.00744154
37.pcd 0.30172 -19.1668 -0.0491167 0.999949 0.00232345 -0.00493019 0.00850003
38.pcd 0.310218 -19.7083 -0.0505773 0.99996 0.00398493 -0.00122435 0.00792523
39.pcd 0.314005 -20.2369 -0.0460202 0.99995 0.00640638 -0.00107378 0.00765062
40.pcd 0.3205 -20.7489 -0.0472316 0.999958 0.00474021 -0.00200454 0.00758396
41.pcd 0.322991 -21.282 -0.0424241 0.999952 0.0041237 -0.00375523 0.00805901
42.pcd 0.322202 -21.826 -0.0450632 0.999912 0.00735235 -0.00645927 0.00899302
43.pcd 0.325336 -22.3367 -0.0439045 0.999847 0.0109959 -0.00915003 0.0100711
44.pcd 0.337344 -22.838 -0.0515863 0.999846 0.0121537 -0.00612232 0.0111013
45.pcd 0.342275 -23.3618 -0.0562784 0.999848 0.0131553 -0.00364501 0.0108213
46.pcd 0.353564 -23.8937 -0.0583658 0.999887 0.00999628 -0.00245402 0.010922
47.pcd 0.343544 -24.4196 -0.0576885 0.999946 0.00395637 -0.00351042 -0.00891288
48.pcd 0.330497 -24.9515 -0.054049 0.999953 0.00470927 -0.00310775 -0.00792657
49.pcd 0.319951 -25.4724 -0.0577219 0.99994 0.00694388 -0.00283676 -0.00798224
50.pcd 0.307264 -26.0024 -0.0576059 0.999926 0.00961856 -0.00268055 -0.00698073
51.pcd 0.332171 -26.296 -0.0624225 0.995697 0.00856627 -0.000755372 0.0922719
52.pcd 0.36821 -26.283 -0.0586502 0.981984 0.00775112 -0.0005174 0.188804
53.pcd 0.39793 -26.2668 -0.0604631 0.96073 0.00726475 -0.000108462 0.277391
54.pcd 0.424585 -26.2444 -0.0591042 0.931686 0.00605705 -0.00011275 0.363214
55.pcd 0.442765 -26.2181 -0.0582756 0.895639 0.00550265 0.00106736 0.444746
56.pcd 0.458616 -26.1866 -0.0564293 0.846097 0.00480622 0.00210093 0.533003
57.pcd 0.470504 -26.1478 -0.0572904 0.788919 0.00277639 0.00271823 0.614486
58.pcd 0.473824 -26.1167 -0.0517392 0.722721 0.000794403 0.00174393 0.691137
59.pcd 0.468405 -26.0807 -0.0573758 0.649143 0.00067862 0.00436702 0.760654
60.pcd 0.453997 -26.0392 -0.0572227 0.557778 0.000106583 0.00444353 0.829978
61.pcd 0.432594 -26.0071 -0.0518414 0.458319 -0.00216824 0.00392416 0.888776
62.pcd 0.401933 -25.9771 -0.0605077 0.352608 -0.00307384 0.00369679 0.935759
63.pcd 0.363183 -25.9567 -0.0638363 0.245142 -0.00311916 0.00540577 0.969467
64.pcd 0.328377 -25.9422 -0.0557274 0.141365 -0.00392592 0.00379414 0.989942
65.pcd 0.29181 -25.9345 -0.0556486 0.0396706 -0.00472723 0.00469777 0.999191
66.pcd 0.275763 -25.4274 -0.0508141 -0.00332217 -0.00601097 0.00288275 0.999972
67.pcd 0.27307 -24.9081 -0.0531233 -0.00360168 -0.00778397 0.00691617 0.999939
68.pcd 0.271698 -24.4067 -0.0520646 -0.00261603 -0.0082797 0.00903838 0.999921
69.pcd 0.267935 -23.906 -0.0567856 -0.00439361 -0.00862184 0.00842497 0.999918
70.pcd 0.265056 -23.3793 -0.0526269 -0.00379761 -0.00823667 0.00184472 0.999957
71.pcd 0.277899 -22.8723 -0.0490275 0.0187277 -0.00771613 0.000650862 0.999795
72.pcd 0.255468 -22.3657 -0.0408425 -0.0304233 -0.011014 0.00236108 0.999474
73.pcd 0.247598 -21.8363 -0.0370309 -0.00849574 -0.0146284 0.00240145 0.999854
74.pcd 0.241787 -21.301 -0.0379595 -0.00624424 -0.0157335 0.00665439 0.999835
75.pcd 0.237626 -20.7805 -0.0359482 -0.00649843 -0.0124579 0.00858587 0.999864
76.pcd 0.233048 -20.2482 -0.0399371 -0.00709454 -0.00888809 0.0086432 0.999898
77.pcd 0.22238 -19.7348 -0.040471 -0.00659757 -0.00867689 0.00689934 0.999917
78.pcd 0.218537 -19.223 -0.0459414 -0.00794624 -0.00653887 0.010856 0.999888
79.pcd 0.206604 -18.7005 -0.0493772 -0.00849148 -0.00714376 0.0104652 0.999884
80.pcd 0.199766 -18.1627 -0.051171 -0.00753996 -0.010859 0.0100546 0.999862
81.pcd 0.189769 -17.6186 -0.0520216 -0.00709626 -0.0108349 0.00806844 0.999884
82.pcd 0.187158 -17.0905 -0.0535869 -0.00654437 -0.00978412 0.00432872 0.999921
83.pcd 0.181257 -16.5869 -0.0503236 -0.00711799 -0.00517497 0.00154368 0.99996
84.pcd 0.171573 -16.0714 -0.0441461 -0.0160022 -0.00314913 0.00178578 0.999865
85.pcd 0.15835 -15.562 -0.0399661 -0.0171131 -0.00163503 0.00300929 0.999848
86.pcd 0.142081 -15.0389 -0.0345174 -0.0171614 -0.0040609 0.00299432 0.99984
87.pcd 0.118738 -14.5388 -0.0389611 -0.0266326 -0.00321056 0.00810154 0.999607
88.pcd 0.116482 -14.0171 -0.0374799 -0.00458952 -0.00694965 0.00520511 0.999952
89.pcd 0.111318 -13.4867 -0.036072 -0.0107137 -0.00513338 0.00499695 0.999917
90.pcd 0.101098 -12.9466 -0.0318939 -0.0119048 -0.00269742 0.00254457 0.999922
91.pcd 0.0930279 -12.4344 -0.0307701 -0.0118909 -0.00419294 0.00314757 0.999916
92.pcd 0.0812645 -11.9054 -0.0305149 -0.00775295 -0.00523202 0.00387789 0.999949
93.pcd 0.0902183 -11.4033 -0.0328907 0.00754436 -0.00741022 0.0113024 0.99988
94.pcd 0.0854713 -10.8677 -0.0362366 -0.0057118 -0.00804258 0.0122842 0.999876
95.pcd 0.107787 -10.3591 -0.040433 0.0169557 -0.0050367 0.00895154 0.999803
96.pcd 0.128754 -9.82293 -0.0377297 0.0169851 -0.0044693 0.00443613 0.999836
97.pcd 0.146431 -9.31403 -0.0343915 0.0165013 -0.00425509 0.00555277 0.999839
98.pcd 0.165257 -8.78209 -0.0371893 0.0158643 -0.00573116 0.00987521 0.999809
99.pcd 0.181901 -8.26117 -0.0368608 0.0163265 -0.00610183 0.00965428 0.999801
100.pcd 0.197193 -7.75651 -0.0411638 0.0151552 -0.00666101 0.0084354 0.999827
101.pcd 0.198363 -7.22788 -0.0459673 0.00176626 -0.00840375 0.00844718 0.999927
102.pcd 0.195894 -6.69896 -0.0471015 -0.00546859 -0.00717469 0.00808819 0.999927
103.pcd 0.189005 -6.17442 -0.0442116 -0.00770608 -0.00901607 0.00439269 0.99992
104.pcd 0.181942 -5.64137 -0.0440757 -0.0077953 -0.00758512 0.00606631 0.999922
105.pcd 0.175355 -5.11373 -0.0473228 -0.00806455 -0.00634113 0.00831969 0.999913
106.pcd 0.166335 -4.58111 -0.0482445 -0.00936267 -0.00612083 0.00732801 0.999911
107.pcd 0.155347 -4.05831 -0.0478274 -0.00989135 -0.00799438 0.00557879 0.999904
108.pcd 0.149226 -3.54614 -0.0479883 0.0106381 -0.0108217 0.00788711 0.999854
109.pcd 0.179026 -3.03733 -0.0518146 0.0238431 -0.0105767 0.00688808 0.999636
110.pcd 0.19509 -2.51836 -0.0524013 0.0140387 -0.00575309 0.00590242 0.999867
111.pcd 0.211378 -1.98153 -0.0516597 0.0131769 -0.00308131 0.00751487 0.99988
112.pcd 0.224218 -1.4472 -0.0582331 0.0111581 -0.00310919 0.0120572 0.99986
113.pcd 0.223647 -0.936756 -0.0639477 -0.00286749 -0.00403114 0.00861416 0.999951
114.pcd 0.221245 -0.415143 -0.0635812 -0.00371485 -0.00221413 0.00718965 0.999965
115.pcd 0.220639 0.088967 -0.0573213 -0.00339877 -0.00230682 0.00604562 0.999973
116.pcd 0.169806 0.296416 -0.0588268 -0.131984 -0.000580734 0.00534039 0.991237
117.pcd 0.131776 0.276553 -0.0570738 -0.251386 -0.00207584 0.00474779 0.967873
118.pcd 0.0862611 0.238431 -0.0562521 -0.403345 -0.0048299 0.0034544 0.915029
119.pcd 0.0675354 0.209714 -0.0556778 -0.482836 -0.0062017 0.00226519 0.875686
120.pcd 0.0476374 0.151165 -0.0548914 0.619289 0.00854559 -0.000660843 -0.785117
121.pcd 0.0483095 0.100955 -0.0536143 0.718199 0.00876041 0.000181631 -0.695783
122.pcd 0.0591482 0.055862 -0.0530219 0.801702 0.0088707 0.000467841 -0.597659
123.pcd 0.0787912 0.0154521 -0.0555238 0.866727 0.00908708 0.00130559 -0.498699
124.pcd 0.103053 -0.0125648 -0.0575051 0.912744 0.00854926 0.000469195 -0.408442
125.pcd 0.129716 -0.0365338 -0.0578758 0.947818 0.00853461 -0.000227465 -0.318698
126.pcd 0.157967 -0.0529083 -0.0584262 0.974091 0.00803237 0.000737459 -0.226012
127.pcd 0.187399 -0.0624146 -0.0579221 0.990173 0.00839313 0.00110444 -0.139592
128.pcd 0.222502 -0.0693222 -0.0599234 0.998895 0.00791421 0.00222706 -0.0462775
